234940047
234939854
234939805
234939126
234937984
234937151
234936994
234935907
234935263
234934720
234934558
234934427
234934126
234933996
234933645
234933524
234932711
234930948
234930350
234929000
234928163
234927505
234927415
234926250
234925756
234922749
234920149
234919887
234918989
234918959
234918444
234918404
234918024
234917788
234917596
234915376
234914613
234914215
234914180
234914158
234913793
234912701
234912222
234911881
234911878
234911835
234910427
234910409
234909536
234908572
234908458
234908391
234907317
234907003
234906527
234906308
234906040
234905756
234905731
234903802
234903035
234902878
234902709
234901954
234901591
234901438
234900932
234900353
234900239
234899735
234898908
234898268
234898034
234897591
234897522
234897022
234896189
234895598
234894876
234894805
234893431
234892087
234891543
234890935
234889156
234887363
234886793
234881678
234879859
234876910
234876075
234874892
234872626
234870406
234869141
234866925
234866103
234865534
234863636
234862780
