235038198
235037304
235035707
235035471
235035410
235035315
235034961
235034682
235034154
235032700
235032255
235032003
235031663
235031239
235031074
235030950
235030811
235030124
235029895
235029576
235029297
235029060
235028987
235028564
235028517
235028223
235028150
235028115
235028092
235028082
235027628
235027358
235027009
235026530
235024714
235024301
235023880
235023601
235023551
235023189
235023058
235022796
235022526
235022487
235022344
235022317
235022059
235021741
235021473
235021277
235020860
235020147
235020026
235017709
235016042
235015462
235014074
235012802
235010827
235010741
235010614
235007680
235006923
235006194
235005498
235005322
235005184
235005073
235005049
235005032
235004398
235001145
235000854
235000206
234999747
234999495
234999274
234998876
234998835
234998772
234998422
234998408
234998125
234998054
234997359
234995218
234994542
234994021
234993708
234993569
234992323
234992317
234991761
234991500
234990962
234988432
234987667
234987324
234987237
234987039
