234987015
234986938
234986496
234985463
234985368
234985306
234984920
234983060
234982916
234981283
234980933
234980498
234980345
234980100
234979881
234979738
234979012
234978960
234978869
234978795
234978510
234977687
234977678
234977484
234977154
234974494
234974466
234974165
234974116
234973862
234971189
234970998
234970573
234970520
234970506
234968881
234967703
234966666
234966084
234965860
234965858
234964112
234963631
234962703
234962494
234962468
234962453
234962174
234961329
234961225
234960633
234959705
234959252
234959219
234958154
234958008
234957511
234957151
234957135
234956545
234956310
234956090
234955781
234955652
234954798
234954260
234953697
234953557
234953045
234952707
234950461
234950059
234950025
234949977
234949851
234949364
234947844
234947744
234947729
234947494
234947218
234946933
234945008
234944902
234944010
234943932
234943605
234942962
234942950
234942762
234941900
234941647
234941309
234941160
234941058
234940926
234940796
234940546
234940521
234940110
