235084349
235083978
235083287
235082804
235082492
235082086
235081859
235081653
235081488
235081372
235080747
235080711
235080559
235080415
235080073
235080038
235079691
235079465
235079369
235078463
235078246
235078205
235077980
235077879
235077204
235076743
235076039
235075936
235075903
235075572
235075571
235075314
235074102
235074075
235073327
235073107
235072985
235072914
235072472
235072426
235072280
235072241
235071579
235069210
235068958
235068922
235068686
235068453
235068226
235067573
235067089
235067023
235066900
235066838
235066400
235066236
235066197
235066049
235065801
235065793
235065635
235065626
235065493
235065371
235065050
235064495
235063473
235063273
235063248
235062908
235061058
235059477
235058994
235058414
235058047
235056902
235052558
235051342
235051067
235050539
235050172
235048792
235048661
235048512
235048449
235048426
235048266
235048126
235047072
235046491
235046474
235044811
235044352
235043412
235042777
235042529
235042172
235041794
235040512
235039420
