235127051
235126201
235125885
235125519
235123533
235123524
235123444
235123144
235123013
235122598
235122525
235122490
235122209
235122087
235122043
235122016
235121936
235121727
235121660
235121563
235120119
235119507
235119086
235118578
235118462
235118050
235117977
235117624
235117516
235117327
235117319
235117123
235116599
235116183
235116108
235116026
235115745
235115710
235115649
235115242
235114810
235114390
235114046
235113967
235113543
235112858
235112337
235112331
235111892
235111548
235111519
235111450
235111405
235111207
235111156
235110855
235110609
235110357
235110348
235110107
235110069
235109409
235109063
235109023
235108987
235108968
235108873
235107913
235107707
235107121
235107007
235106999
235105729
235105378
235105148
235104545
235104037
235103792
235101751
235101049
235099491
235099119
235097225
235096130
235092427
235092121
235090575
235088264
235086882
235086762
235086133
235086117
235085994
235085894
235085812
235085541
235085452
235084958
235084953
235084890
