235154140
235153895
235153711
235153539
235153445
235153295
235152896
235152392
235152080
235151999
235151719
235151647
235151327
235151320
235150322
235149818
235149550
235149460
235149094
235148517
235148102
235147858
235146372
235146351
235145961
235145505
235145313
235144844
235143623
235143267
235142618
235141976
235141380
235141205
235140565
235139701
235139169
235139000
235138987
235138766
235138191
235138076
235137837
235137828
235137585
235137316
235136929
235136722
235136620
235136373
235136350
235136168
235136010
235135914
235135855
235135833
235135742
235135732
235135647
235135495
235135289
235135219
235134908
235134801
235134716
235134246
235134072
235133407
235133348
235133070
235133029
235132965
235132057
235131910
235131463
235131390
235131332
235131294
235131084
235130557
235130154
235130141
235130105
235129964
235129779
235129707
235129516
235129400
235129206
235129175
235129118
235129117
235129028
235128880
235128709
235128558
235128295
235128274
235128109
235127387
