235175017
235174940
235174906
235174519
235174283
235174235
235174230
235174205
235173318
235172902
235172477
235172242
235171867
235171844
235171651
235171412
235171338
235171322
235171129
235170626
235170410
235170306
235170154
235170127
235169993
235169742
235169738
235169728
235169662
235169246
235169232
235169138
235168884
235168518
235168318
235168311
235168294
235168288
235168253
235168208
235168112
235168097
235167183
235167177
235167053
235166855
235166566
235166002
235165988
235165642
235165640
235165623
235165061
235165039
235165021
235164967
235164909
235164449
235164397
235164250
235164148
235164140
235163987
235163843
235163812
235163736
235163516
235163424
235163402
235162801
235162407
235161789
235160484
235160480
235160467
235160184
235159908
235159582
235159327
235158967
235158912
235158316
235158276
235157957
235157834
235157734
235157675
235157552
235157539
235157527
235157142
235156872
235156743
235156586
235156563
235155525
235155520
235154703
235154577
235154226
