235202224
235201255
235201184
235201124
235200934
235200396
235200305
235200139
235199897
235199830
235199650
235199594
235199443
235199257
235199118
235198950
235198916
235198915
235198867
235198842
235198437
235198431
235198208
235198119
235198091
235197745
235197635
235197584
235197344
235197306
235197261
235197062
235196892
235196752
235196657
235196256
235196118
235193956
235193876
235193806
235193592
235193541
235193186
235193062
235192597
235192549
235192471
235192360
235192111
235192099
235191670
235191654
235191330
235191022
235190599
235190328
235189778
235189596
235189524
235187677
235187545
235186549
235186402
235186212
235186076
235185819
235185410
235184772
235184666
235184586
235184333
235183836
235183759
235183285
235182949
235182771
235182751
235182612
235181414
235180971
235179545
235178963
235178502
235178118
235178115
235177851
235177586
235176986
235176649
235176153
235176007
235175935
235175816
235175743
235175681
235175446
235175395
235175214
235175166
235175040
