235285874
235285841
235285431
235285410
235285382
235285135
235285023
235284936
235284845
235284549
235284484
235283571
235283522
235282316
235281055
235280202
235280011
235279953
235279404
235279388
235279327
235279214
235279085
235278894
235278261
235278166
235277734
235277077
235275980
235275947
235275846
235275453
235274618
235274464
235274298
235274251
235273638
235273418
235273289
235273199
235273040
235273038
235272628
235272526
235272493
235272184
235271860
235271606
235271544
235271367
235271363
235271060
235270000
235269778
235269483
235269468
235269233
235268758
235268388
235267752
235267624
235266935
235266898
235266689
235266584
235266565
235266300
235263219
235261929
235261113
235260774
235258786
235258696
235258618
235258592
235257674
235257643
235257625
235257005
235256874
235256850
235256677
235256506
235256455
235256308
235256157
235256059
235255929
235255587
235255558
235255124
235254899
235253749
235253722
235253697
235253040
235253003
235252792
235252723
235252293
