235220276
235219925
235219878
235219667
235219660
235219228
235218520
235218303
235217571
235217552
235217510
235217198
235217127
235216526
235216467
235216440
235216268
235216177
235216100
235215950
235215852
235215849
235215613
235215569
235215522
235215334
235215138
235214818
235214809
235214259
235214181
235214168
235214011
235212932
235212657
235212205
235211702
235211391
235211295
235210918
235210741
235210640
235210316
235210282
235210270
235210242
235210175
235210170
235210163
235210096
235209970
235209871
235209802
235209709
235209556
235209525
235209447
235209023
235208792
235208697
235208313
235208073
235207582
235206743
235206641
235206585
235206551
235206050
235206011
235205633
235205561
235205350
235205348
235205333
235205291
235205039
235204943
235204835
235204487
235204347
235204246
235204043
235204001
235203959
235203957
235203927
235203889
235203874
235203696
235203666
235203524
235203439
235203183
235203180
235203078
235202950
235202856
235202783
235202762
235202755
