235330935
235330887
235327707
235327704
235327495
235327087
235326421
235326382
235325207
235325112
235325083
235324342
235322319
235321518
235321415
235320970
235320914
235320580
235319752
235318080
235317675
235317379
235317207
235316546
235315763
235315670
235315107
235314976
235314395
235313506
235312742
235312196
235311842
235311813
235311210
235310904
235309384
235309073
235308051
235308013
235307804
235307644
235307227
235306433
235306418
235305986
235305021
235303373
235303189
235302394
235301949
235301494
235301356
235299992
235299822
235299264
235299255
235298504
235298501
235298188
235297620
235297606
235297351
235297162
235297074
235296963
235296803
235296546
235296501
235296039
235295998
235295693
235294355
235294290
235294192
235292972
235292884
235292861
235292745
235292703
235292680
235292544
235291576
235291373
235291342
235290992
235290943
235290859
235290641
235289955
235289905
235289606
235288243
235288000
235287964
235287292
235286603
235286297
235286218
235286005
