235251884
235251864
235251529
235251112
235251091
235251078
235250775
235250753
235250709
235250664
235250383
235249778
235249550
235249538
235249495
235249113
235248683
235248294
235247639
235246934
235246635
235246323
235245798
235245755
235245633
235245471
235245458
235245426
235245176
235245151
235244629
235244232
235243911
235243819
235243658
235243274
235243048
235241287
235240870
235239960
235239622
235239597
235239114
235238714
235238546
235238247
235238195
235237987
235237893
235237846
235237758
235236851
235236684
235234586
235234511
235234177
235234054
235233750
235233704
235233470
235233375
235232892
235232812
235232564
235232504
235232222
235231874
235231757
235231192
235231004
235230630
235230334
235229660
235229504
235229270
235228908
235228839
235228688
235228623
235228135
235228040
235227638
235227264
235226592
235224723
235224676
235224469
235223340
235223078
235222592
235222411
235222180
235221883
235221807
235221796
235221752
235221657
235221620
235221008
235220328
