235380812
235380718
235380440
235380089
235379785
235379745
235379645
235379471
235379215
235378737
235378593
235377994
235377916
235377672
235377511
235376854
235376846
235376673
235376532
235376146
235375775
235375194
235375011
235374741
235374577
235374381
235374016
235374001
235373673
235373450
235373214
235373162
235373099
235373090
235372867
235372796
235372722
235372601
235372382
235372131
235372034
235371702
235371678
235371622
235371407
235371313
235370681
235369823
235368949
235368889
235368410
235368130
235367993
235367266
235367006
235366858
235366810
235366806
235366763
235366712
235366512
235366304
235366275
235366125
235366124
235365783
235365667
235365350
235365234
235364805
235364481
235363172
235363143
235362260
235361312
235360773
235360519
235360258
235359359
235359356
235357384
235356636
235356079
235354312
235351312
235351136
235349762
235349733
235349579
235349415
235347755
235346562
235345933
235345336
235344307
235342726
235339616
235339475
235335960
235334518
