235409445
235409403
235409167
235409103
235409034
235408940
235408335
235407949
235407814
235407647
235407505
235407462
235407221
235406945
235406846
235406469
235406370
235406329
235406242
235405625
235405526
235405334
235405271
235404721
235404549
235404512
235404468
235404409
235404348
235404346
235404342
235404087
235404007
235403934
235403014
235402667
235402622
235402291
235402127
235401924
235401760
235401738
235401614
235401608
235401517
235401486
235401286
235401025
235400996
235400596
235400590
235399757
235399665
235399616
235399598
235399253
235399107
235399080
235399064
235398804
235398561
235398003
235397795
235397647
235397620
235397282
235397173
235397077
235396527
235395729
235395254
235394616
235394182
235393934
235393711
235393696
235393166
235392875
235392849
235392737
235392156
235391761
235390892
235388214
235388118
235385813
235385762
235385185
235385184
235384704
235384220
235384112
235383893
235383688
235382990
235382647
235382389
235381676
235381521
235381516
