235445275
235445262
235445257
235443301
235441668
235440883
235440664
235440567
235440551
235440358
235439679
235439311
235439066
235438391
235437980
235437221
235436789
235436368
235435264
235435085
235434776
235434728
235434216
235434100
235433869
235433090
235432844
235432774
235432727
235432435
235432432
235432338
235432322
235432300
235431972
235431918
235431667
235430324
235430303
235430054
235430032
235430020
235429173
235429133
235428020
235427377
235427061
235426887
235426791
235426660
235425986
235425759
235425257
235424735
235424285
235423809
235423798
235423762
235423684
235423401
235422904
235422706
235422595
235422531
235422022
235421590
235421565
235421154
235421087
235420957
235419607
235419494
235418157
235417998
235417891
235417786
235417131
235416973
235416072
235416036
235415818
235415681
235415581
235415504
235415449
235415133
235414578
235413513
235413484
235413285
235413168
235412730
235412649
235412365
235412354
235411134
235410724
235410413
235410359
235409851
