235477702
235477695
235477475
235477194
235477091
235476907
235476823
235476764
235476336
235476032
235475876
235475760
235475511
235475412
235474917
235474804
235474783
235474519
235474063
235473967
235473770
235473599
235473484
235472274
235471481
235471226
235470843
235470642
235469232
235469187
235468933
235468564
235468506
235468218
235468127
235467844
235467792
235467606
235467280
235467130
235466914
235466679
235466636
235466066
235465820
235465132
235464427
235464285
235464145
235463694
235463642
235463628
235463337
235463129
235462730
235462602
235462266
235461762
235461196
235461064
235460930
235460553
235460463
235460452
235460413
235460280
235460159
235460072
235460047
235459947
235459882
235459851
235458806
235458699
235458637
235458406
235458376
235458192
235456326
235456077
235456000
235455598
235455158
235454983
235454776
235454648
235454423
235454219
235453884
235453771
235453106
235452901
235450888
235450222
235449947
235448208
235447720
235446971
235446800
235445759
