235513506
235513112
235513014
235512978
235512511
235512443
235512427
235511996
235511847
235511783
235511458
235511414
235511344
235511007
235510982
235510452
235510417
235510006
235509864
235509558
235509381
235509304
235508640
235508253
235508154
235507977
235507542
235506838
235506722
235506363
235506085
235505895
235505679
235505218
235504476
235504246
235504064
235503636
235503575
235503220
235502473
235502338
235502053
235501925
235501891
235501762
235500370
235500256
235500104
235499720
235499219
235499035
235498905
235498638
235498521
235498094
235498040
235496942
235496228
235496086
235495728
235495432
235492549
235492379
235491976
235491142
235488969
235488774
235488353
235488209
235487834
235487378
235487094
235486899
235486279
235485153
235485071
235484200
235483618
235483182
235483173
235482610
235481973
235481655
235481552
235481448
235481394
235481075
235481017
235480753
235480669
235480317
235479528
235479393
235479252
235479205
235479121
235478517
235477924
235477718
