235574337
235574241
235574181
235573973
235573674
235573579
235573375
235573360
235572799
235572722
235572520
235572448
235571545
235571542
235571132
235571006
235570686
235570575
235570374
235570138
235570105
235569517
235569411
235569306
235569070
235567887
235567714
235567652
235567613
235567386
235567248
235566731
235566380
235566337
235566166
235566133
235565636
235565579
235565516
235565450
235565307
235565224
235565102
235564722
235564638
235564515
235563235
235563168
235562922
235562913
235562389
235562329
235562291
235562165
235561859
235561730
235561077
235560866
235560581
235560493
235560481
235560217
235560066
235559762
235559741
235559711
235559589
235559583
235559287
235559268
235559119
235558678
235558353
235557952
235557225
235557140
235556735
235556158
235556069
235556013
235555454
235555005
235554928
235554738
235554662
235554307
235554051
235553460
235553207
235553096
235553070
235553011
235552925
235552815
235552804
235552674
235552636
235552461
235552105
235551499
