235601947
235601822
235601539
235601495
235601422
235600807
235600661
235600606
235600294
235600054
235597589
235597563
235597412
235597142
235597025
235596593
235596277
235596034
235595886
235595353
235595137
235595055
235594763
235594332
235594128
235594034
235593945
235593941
235593871
235593605
235593601
235593299
235593240
235592014
235591857
235591452
235590848
235590303
235588624
235588069
235588067
235587276
235587253
235587127
235586284
235585918
235585566
235585282
235584588
235584568
235584529
235584464
235584380
235584353
235584168
235583991
235583551
235582549
235582308
235582253
235582248
235582017
235581959
235581924
235581817
235581735
235581596
235581317
235581270
235581131
235581106
235580923
235580895
235580844
235580739
235580665
235580411
235580381
235580088
235579937
235579932
235579814
235579640
235579560
235578550
235577610
235577508
235577483
235576807
235576619
235576577
235575966
235575604
235575478
235575436
235575265
235575224
235574944
235574729
235574549
