235551330
235550174
235549313
235548858
235548794
235546802
235545193
235544917
235544898
235544443
235543780
235542783
235542001
235540678
235540651
235539805
235539617
235539283
235539258
235538732
235538650
235538426
235538229
235538128
235538023
235537576
235536105
235535658
235535531
235535314
235533939
235533893
235533514
235533480
235533385
235533317
235532967
235532688
235532506
235532239
235532236
235531340
235531247
235529992
235529174
235529000
235528803
235528770
235528393
235528142
235527938
235527833
235527062
235527011
235526806
235526676
235526427
235526197
235526167
235526015
235525980
235524939
235524072
235523968
235523951
235523094
235522591
235520855
235520761
235520610
235520469
235519986
235519738
235519566
235519450
235519410
235519376
235519094
235519065
235518871
235518805
235518764
235518724
235518651
235518643
235518284
235518271
235517612
235517499
235517045
235517044
235516714
235516560
235516183
235515892
235515357
235514946
235514725
235513611
235513533
