235626794
235626089
235625319
235625259
235624469
235624429
235624373
235624147
235624071
235623923
235623789
235623498
235623456
235622989
235622919
235622499
235622265
235621463
235620555
235620105
235619212
235619044
235619013
235618903
235618748
235618710
235618447
235617881
235617525
235617366
235616896
235616495
235616486
235616441
235616203
235616114
235615994
235615810
235615745
235615504
235615072
235614968
235614957
235614852
235614752
235614607
235614582
235614396
235613312
235612821
235612779
235612248
235611982
235611602
235611519
235611387
235611307
235610611
235610286
235610149
235609822
235609770
235609686
235609634
235609461
235609350
235609347
235609181
235609004
235608830
235608815
235608350
235608186
235607853
235607626
235607585
235607258
235607239
235607118
235606390
235606186
235606020
235605619
235605588
235605239
235604960
235604931
235604766
235604364
235604220
235604023
235603649
235603402
235603392
235603333
235602524
235602413
235602275
235602166
235601970
