235665373
235665338
235665191
235664962
235664842
235664831
235664021
235663453
235663285
235663051
235662844
235662780
235662443
235662380
235662243
235661336
235661296
235661265
235661193
235660876
235660621
235659733
235659177
235657951
235657934
235657694
235657529
235657521
235657441
235657279
235657225
235657178
235656602
235655250
235655008
235654765
235653545
235653168
235652388
235652384
235652383
235652061
235651898
235650989
235650789
235650216
235650009
235649842
235649820
235649556
235649338
235649198
235648735
235648586
235648130
235647897
235647859
235647821
235647199
235646318
235645342
235644526
235644493
235643709
235642956
235641994
235641685
235640349
235640132
235639605
235639549
235636759
235636175
235635669
235634495
235634484
235634383
235633222
235632142
235631570
235631112
235631074
235631070
235630846
235630667
235630581
235630288
235630183
235630138
235630123
235630114
235629949
235629004
235628711
235628610
235628519
235628175
235627393
235627248
235626986
