235706859
235706721
235706464
235706042
235705944
235705906
235705875
235705733
235705350
235704698
235703655
235702917
235702287
235701599
235700415
235699758
235699514
235697337
235696746
235696128
235696010
235695692
235695663
235695601
235694511
235693272
235692830
235692773
235692095
235692083
235690338
235690162
235689323
235688820
235688672
235688637
235688619
235688091
235687216
235686531
235686322
235686295
235685982
235685609
235685097
235683459
235682090
235681592
235681374
235680668
235679051
235678775
235677845
235677633
235677280
235677264
235676611
235676140
235676093
235675540
235675504
235675221
235674648
235674317
235674209
235674053
235673966
235673665
235673275
235673156
235672897
235672805
235672436
235672380
235672160
235671989
235671948
235671574
235671532
235670940
235669744
235669649
235669613
235669565
235669280
235669176
235668968
235668902
235668653
235668560
235668092
235667793
235667648
235666549
235666396
235666316
235665992
235665924
235665533
235665464
