235813865
235813732
235813659
235813446
235813338
235813312
235813188
235813160
235813100
235812866
235812122
235811431
235811389
235811270
235811136
235810755
235810334
235810315
235810294
235810151
235809985
235809710
235809634
235809342
235808728
235808683
235808394
235808346
235808326
235808165
235808086
235807983
235807705
235807688
235807590
235807553
235807224
235807143
235807070
235806331
235806253
235806135
235806054
235805976
235805910
235805867
235805792
235804966
235804576
235804328
235804171
235803906
235803744
235803536
235803173
235803162
235803133
235803056
235802972
235802604
235802515
235802357
235802107
235802081
235801864
235801836
235801554
235801330
235800805
235800796
235800704
235800675
235800562
235800365
235800360
235800295
235800202
235799969
235799827
235799638
235799613
235799512
235799479
235799338
235799293
235799290
235799193
235798836
235798677
235797690
235797029
235796772
235796647
235794453
235793854
235793691
235793588
235793587
235793443
235793410
