235731216
235730946
235730456
235730002
235729961
235729912
235729902
235729869
235729855
235729599
235729589
235729493
235728898
235728737
235727580
235726479
235726395
235726331
235726133
235726030
235726024
235724877
235724855
235724755
235724525
235724491
235724440
235724303
235724267
235724049
235723957
235723704
235723392
235723204
235722947
235722790
235722760
235722688
235722581
235722499
235722053
235721038
235720855
235720659
235720268
235720166
235719414
235719123
235718964
235718603
235718103
235717700
235717604
235717560
235717262
235717241
235717212
235717148
235717137
235716797
235716616
235716248
235716224
235715981
235715976
235715933
235715732
235715662
235715653
235715557
235715545
235714921
235714101
235713282
235713279
235713183
235713007
235713005
235712724
235712702
235712648
235712561
235712291
235711734
235711394
235710614
235710573
235710564
235710464
235710366
235710313
235710226
235710005
235709971
235709819
235709654
235709171
235709031
235708517
235708418
