235793207
235792567
235792367
235792297
235792273
235791193
235789749
235789673
235789381
235786228
235786127
235785753
235785474
235785314
235785023
235784253
235782977
235782653
235781772
235781006
235780843
235780401
235780001
235779790
235779688
235779676
235779558
235779496
235778992
235778659
235778653
235778630
235778513
235778403
235778134
235777937
235777642
235776988
235775385
235774621
235773900
235773703
235773685
235773341
235773321
235773224
235773007
235772986
235772973
235772934
235771472
235771182
235770647
235770526
235769414
235769176
235768613
235768312
235768100
235768029
235768008
235767916
235767616
235767267
235766760
235766718
235766622
235766569
235766567
235766565
235766338
235766115
235766025
235766020
235765948
235765898
235765736
235765553
235765548
235764942
235764721
235764627
235764363
235764334
235763817
235763354
235763153
235762570
235762443
235762213
235762152
235761807
235761753
235761386
235761340
235761118
235760489
235760485
235760432
235760023
