235759892
235759273
235759200
235759053
235758846
235758788
235758741
235758608
235758511
235758455
235757532
235757500
235757414
235757007
235756948
235756679
235755081
235755027
235754997
235754662
235754498
235754341
235754212
235754107
235754079
235753798
235753689
235753619
235753583
235753495
235753476
235753465
235753461
235753272
235752768
235752419
235752412
235751941
235751765
235751722
235751450
235751319
235751163
235751142
235751137
235750773
235750695
235750500
235750408
235749671
235749636
235749602
235749309
235749275
235748686
235747543
235747417
235747336
235747326
235746483
235745148
235743575
235743401
235743173
235742765
235742510
235741071
235740404
235739675
235739130
235738668
235738504
235737485
235737138
235736912
235736719
235736588
235736570
235735677
235735441
235735131
235734835
235734831
235734265
235733073
235732823
235732787
235732779
235732763
235732532
235732232
235732159
235732000
235731980
235731975
235731951
235731892
235731626
235731595
235731541
