235851978
235851582
235851383
235851205
235851166
235851132
235851008
235850993
235850925
235850893
235850739
235850696
235850542
235850521
235850363
235850329
235850261
235849569
235849473
235849376
235848880
235848651
235848550
235848409
235848406
235847495
235847371
235846903
235845606
235845532
235845158
235844519
235844344
235844288
235844097
235843728
235843672
235843155
235842333
235842140
235842100
235841821
235841764
235841558
235841535
235841390
235841064
235840697
235839258
235839168
235839157
235839111
235839033
235838821
235838803
235838313
235837880
235837325
235837272
235837169
235836996
235836968
235836911
235836899
235836887
235836561
235836440
235836061
235836007
235835814
235835754
235835441
235835400
235835264
235835106
235834843
235834578
235833838
235833585
235832768
235831940
235831159
235831094
235831079
235830995
235830984
235830877
235830862
235830837
235830166
235829990
235829956
235829865
235829847
235829803
235829781
235829759
235829696
235829666
235829562
