235869726
235869708
235869690
235869324
235868966
235868822
235868739
235868591
235868186
235868174
235868048
235867841
235867677
235867465
235867420
235867134
235866991
235866848
235866595
235866554
235866407
235866309
235866165
235866129
235866021
235865908
235865858
235865832
235865752
235865608
235865580
235865517
235865514
235865429
235865413
235865397
235865366
235865355
235865333
235865269
235865131
235865124
235865012
235864973
235864915
235864733
235864586
235864537
235864432
235864377
235864333
235864237
235864207
235864156
235863374
235862762
235862739
235861945
235861733
235861562
235861419
235861184
235861084
235860933
235860715
235860706
235860523
235860483
235859995
235859813
235859235
235859228
235859143
235858915
235858897
235858767
235858652
235858552
235858214
235858066
235857907
235857833
235857812
235857292
235857194
235856619
235856400
235856064
235855980
235855880
235855812
235855011
235854601
235854170
235854123
235854022
235853331
235853080
235852716
235852361
