235829398
235829250
235828555
235828535
235828511
235828303
235828240
235828205
235828171
235827385
235826792
235826574
235826349
235826289
235826226
235826065
235825899
235825866
235825613
235825368
235825279
235825153
235825001
235824852
235824555
235824441
235824398
235824273
235824154
235823937
235823792
235823778
235823699
235823489
235823432
235823379
235823296
235822981
235822879
235822860
235822854
235822822
235822736
235822707
235822649
235822643
235822627
235822542
235822535
235822525
235822479
235822379
235822310
235822293
235822219
235822039
235822036
235822031
235822024
235822021
235822020
235821930
235821763
235821631
235821625
235821491
235820983
235820722
235820685
235820495
235820307
235820162
235818838
235818790
235818458
235817735
235817680
235817632
235817350
235817202
235817065
235816472
235816349
235816331
235815894
235815793
235815426
235815366
235815304
235815265
235814974
235814928
235814744
235814743
235814721
235814707
235814605
235814467
235814343
235814060
