235900189
235899219
235899169
235898584
235897824
235897024
235894311
235894113
235893963
235893823
235893380
235893176
235892950
235892224
235892132
235891855
235891245
235891152
235890585
235889681
235889507
235888377
235888064
235887921
235887808
235887767
235887511
235887368
235886210
235886208
235885665
235885089
235884792
235884554
235884508
235884281
235884263
235883972
235882881
235881532
235881255
235881094
235880734
235880335
235880283
235879596
235879556
235879281
235878781
235878559
235878233
235877744
235877394
235876815
235876563
235876045
235875994
235875503
235875363
235875018
235874956
235874850
235874750
235874512
235874506
235874138
235874063
235873926
235873893
235873648
235873484
235873413
235873278
235873259
235873102
235873062
235872983
235872921
235872706
235872483
235872227
235872084
235872035
235871988
235871916
235871842
235871759
235871706
235871661
235871639
235871623
235871608
235871560
235871549
235871527
235871396
235871083
235870324
235869912
235869840
