235978227
235978139
235977911
235977822
235977793
235977629
235977421
235977370
235977166
235977145
235977130
235977111
235976910
235976755
235976754
235976635
235976487
235976116
235975822
235975726
235975646
235975560
235975458
235975432
235975334
235975283
235975279
235975186
235975169
235975032
235975017
235974652
235974577
235974280
235974168
235973888
235973843
235973797
235973721
235973672
235973339
235973292
235973181
235973178
235973105
235972726
235972695
235972477
235972451
235972431
235972306
235972289
235971960
235971948
235971892
235971878
235971332
235971269
235971196
235971185
235971095
235971055
235971011
235970820
235970801
235970758
235970708
235970603
235970583
235970579
235970487
235970484
235970435
235970369
235970237
235970224
235970098
235970071
235969981
235969883
235969804
235969756
235969623
235969613
235969413
235969408
235969138
235969103
235969095
235969084
235969042
235968992
235968873
235968833
235968763
235968687
235968604
235968599
235968587
235968550
