235996175
235995660
235995351
235995070
235994808
235994766
235994401
235994374
235994053
235993714
235993381
235992636
235992202
235992016
235990770
235990735
235990641
235990516
235989883
235989546
235989286
235989107
235989065
235989062
235988938
235988784
235988682
235988457
235988120
235987944
235987870
235987573
235987314
235987218
235987143
235987129
235987094
235987013
235986877
235986649
235986569
235986467
235986438
235986399
235986376
235986307
235986141
235986129
235986078
235986000
235985849
235985713
235985668
235985584
235985552
235985435
235985344
235985228
235985016
235984996
235984970
235984826
235984807
235984649
235984472
235984292
235983934
235983657
235983642
235983380
235983024
235982965
235982962
235982825
235982649
235982569
235982360
235982186
235981856
235981429
235981250
235981052
235980939
235980919
235980683
235980160
235980082
235980035
235979884
235979649
235979567
235979471
235979298
235978970
235978872
235978845
235978844
235978434
235978405
235978366
