235968540
235968472
235968465
235968411
235968376
235968369
235968360
235968348
235968319
235968145
235968098
235968089
235968075
235967965
235967947
235967901
235967854
235967838
235967804
235967738
235967607
235967584
235967556
235967509
235967490
235967488
235967423
235967412
235967397
235967386
235967378
235967310
235967309
235967252
235967248
235967162
235967065
235966997
235966704
235966671
235966553
235966386
235966257
235965894
235965263
235965118
235964481
235964468
235964431
235964388
235964289
235964229
235963718
235963613
235963393
235963286
235963267
235963247
235963067
235962986
235962878
235962871
235962780
235962623
235962527
235962513
235962345
235962262
235962065
235962059
235961932
235961880
235961853
235961509
235961386
235961244
235961215
235961202
235961144
235961106
235960978
235960894
235960485
235960428
235960415
235960380
235960351
235960236
235960223
235960008
235959946
235959869
235959843
235959835
235959706
235959480
235959470
235959244
235959172
235959142
