235913240
235913169
235913162
235912720
235912443
235912233
235912007
235911852
235911676
235911645
235911434
235911320
235911006
235910931
235910520
235910487
235910338
235910228
235910167
235910069
235910033
235910014
235909781
235909774
235909740
235909676
235909582
235909390
235909320
235909259
235909181
235909099
235908882
235908753
235908732
235908608
235908593
235908569
235908565
235908487
235908114
235908086
235908011
235907948
235907897
235907874
235907840
235907830
235907789
235907783
235907753
235907726
235907663
235907660
235907606
235907549
235907495
235907494
235907480
235907457
235907435
235907389
235907357
235907309
235907172
235906644
235906627
235905984
235905574
235905233
235905046
235904818
235904701
235904150
235903969
235903838
235903798
235903388
235903257
235903209
235903089
235902744
235902288
235902206
235902044
235902040
235901837
235901821
235901789
235901753
235901716
235901689
235901599
235901139
235901089
235901022
235900913
235900910
235900652
235900242
