236015512
236015492
236015411
236015256
236014825
236014764
236014360
236014153
236014077
236013974
236013971
236013885
236013692
236013385
236013107
236013044
236012969
236012967
236012932
236012778
236012672
236012268
236012038
236012020
236011559
236011509
236011501
236011464
236011403
236011271
236011257
236011190
236011142
236010766
236010365
236010323
236010022
236009529
236009324
236009067
236008910
236008443
236008343
236008225
236008141
236008135
236008130
236007895
236007723
236007544
236007538
236007411
236007024
236006886
236006802
236006608
236006226
236005757
236005446
236005315
236005270
236005229
236005191
236005086
236004824
236004662
236004499
236004330
236004203
236004093
236004017
236003082
236002786
236002536
236002207
236001490
236001447
236001356
236001079
236001020
236000929
236000506
236000432
235999972
235999877
235999467
235999277
235998878
235998789
235998774
235998341
235998254
235998028
235997776
235997146
235997106
235996972
235996459
235996453
235996190
