235959137
235958946
235958934
235958907
235958884
235958554
235958309
235958297
235958185
235958171
235957444
235957160
235956931
235956645
235956330
235956231
235955897
235955794
235955761
235955756
235955461
235955379
235954942
235954810
235954686
235954297
235954214
235954006
235953632
235953394
235953263
235953197
235953079
235952916
235952181
235951906
235951594
235950824
235950223
235948945
235948856
235948823
235948689
235948290
235947059
235946661
235946574
235946425
235945493
235944293
235943102
235942959
235942614
235942460
235941394
235941261
235941182
235941171
235940584
235940581
235940552
235940277
235940037
235940027
235940010
235939761
235938835
235938039
235937762
235937510
235937508
235937454
235936899
235936860
235936670
235936534
235936379
235936154
235935846
235935673
235935453
235935020
235934716
235934359
235934221
235934146
235933851
235933837
235933621
235933466
235933052
235932929
235932780
235932685
235932666
235932564
235932409
235932236
235932094
235932038
