235931973
235931954
235931851
235931786
235931691
235931675
235931531
235931226
235930863
235930765
235930638
235930603
235930297
235930174
235930122
235930086
235930077
235930002
235929934
235929927
235929832
235928769
235928369
235928323
235928239
235928008
235927928
235927811
235927805
235927491
235927361
235927175
235927041
235926822
235926074
235925931
235925930
235925854
235925829
235925124
235925055
235924999
235924962
235924909
235924543
235924488
235924390
235924339
235924322
235924050
235923971
235923950
235923834
235923654
235923570
235923504
235923265
235923252
235922938
235922842
235922662
235922499
235922472
235922382
235921680
235921147
235921111
235920051
235919687
235919638
235919329
235919320
235919228
235919122
235918858
235918509
235918271
235918172
235918160
235918109
235917620
235917383
235917334
235917241
235916956
235916954
235916753
235916602
235916443
235916302
235915844
235915585
235914757
235914270
235914122
235913868
235913756
235913645
235913461
235913263
