236037666
236037291
236037030
236036998
236036808
236036297
236035931
236034949
236034809
236034370
236034249
236034157
236034011
236033758
236033663
236033608
236033367
236033320
236033154
236032810
236032645
236032599
236031822
236031761
236031639
236031573
236031478
236031120
236031021
236030888
236030877
236030575
236030419
236029100
236028880
236028691
236028561
236028201
236027856
236027815
236027812
236027538
236027520
236026613
236026521
236026327
236026225
236026114
236025962
236025722
236025556
236025387
236025361
236025219
236025151
236025141
236025091
236025000
236024856
236024831
236024764
236024762
236024573
236024417
236024416
236024297
236024193
236023620
236023351
236023298
236022865
236022531
236022367
236020827
236020510
236020452
236020031
236019375
236019371
236018297
236017993
236017591
236017550
236017532
236017189
236017188
236017170
236017155
236017045
236017028
236016809
236016511
236016470
236016219
236016184
236016081
236016073
236015987
236015800
236015536
