236103631
236103605
236103065
236102965
236102840
236102640
236102633
236102148
236102075
236101285
236101074
236100404
236100086
236099288
236099208
236099180
236098258
236097965
236097512
236097336
236096938
236096772
236096687
236096451
236095902
236095722
236095592
236095327
236095222
236094963
236094651
236094473
236094227
236093781
236093710
236093557
236093449
236093357
236093078
236092999
236092912
236092793
236091261
236090981
236090635
236090112
236089397
236089374
236089279
236089222
236088834
236088423
236087644
236087275
236087029
236087017
236086980
236086488
236086436
236086309
236086167
236086033
236084864
236084842
236084774
236084614
236084519
236084500
236084497
236084274
236084185
236084151
236084060
236083943
236083840
236082226
236082203
236081922
236081638
236080463
236080357
236080128
236079465
236079087
236077996
236077914
236077693
236077385
236077320
236077260
236077247
236077154
236076665
236076270
236075559
236075412
236074974
236074955
236074858
236074816
