236074706
236073705
236072742
236072720
236071905
236071561
236071302
236070862
236070111
236069572
236069268
236069146
236067837
236067428
236066934
236066602
236066490
236066408
236065757
236065416
236064756
236064568
236064260
236064125
236063578
236062757
236062431
236061441
236061375
236060928
236060708
236060036
236059431
236059253
236058727
236058457
236058380
236058343
236058040
236056600
236055961
236055728
236054819
236054676
236054062
236053802
236053673
236053657
236053158
236052966
236052448
236051972
236051945
236051659
236051303
236051237
236050771
236050731
236050427
236049902
236049302
236049229
236049040
236048750
236047583
236047117
236046793
236046682
236046617
236046479
236046025
236046009
236045994
236045670
236045552
236045527
236045124
236044497
236043862
236043763
236042867
236042847
236042273
236042103
236042095
236041925
236041905
236041890
236041573
236041208
236040997
236040861
236040797
236040413
236039943
236039935
236039662
236039627
236039010
236038707
