236149117
236149074
236148722
236148700
236148595
236148329
236148083
236147432
236147215
236146788
236146665
236146639
236146401
236146338
236145915
236145777
236145762
236145690
236145283
236145263
236145252
236145213
236144740
236144622
236144574
236144553
236144498
236144467
236144289
236144214
236144165
236144106
236144080
236144078
236143726
236143716
236143687
236143608
236143548
236143535
236143267
236143222
236143195
236143159
236142844
236142826
236142784
236142697
236142360
236140914
236140882
236140444
236140432
236140203
236139946
236139777
236139586
236139410
236139366
236139241
236138886
236138468
236138133
236137824
236137705
236137674
236137290
236136784
236136269
236136135
236136051
236136030
236135949
236135935
236135631
236135563
236135504
236135488
236135466
236135231
236134983
236134573
236134441
236134377
236134342
236134044
236133554
236132771
236132512
236132507
236132158
236132118
236131467
236130754
236130562
236129904
236129834
236129534
236129345
236129104
