236202151
236202101
236201717
236201708
236201616
236201501
236201155
236201002
236200971
236200911
236200807
236200786
236200639
236200387
236200247
236200244
236200182
236200071
236200043
236198948
236198130
236197619
236197152
236197016
236196792
236196671
236196644
236196548
236196100
236195818
236195689
236195539
236195270
236195263
236194968
236194795
236194787
236194776
236194460
236194394
236194260
236194256
236193953
236193866
236193416
236193274
236193266
236193168
236193128
236193082
236193074
236192666
236192645
236192585
236192436
236192404
236192028
236191798
236191775
236191295
236191187
236190242
236189513
236188950
236188897
236188553
236188535
236186816
236186671
236186666
236186659
236186328
236185690
236185608
236185527
236184794
236184107
236183900
236183718
236183599
236182282
236182234
236181178
236180937
236180528
236180195
236180102
236179966
236179802
236179017
236178626
236178143
236177959
236177789
236177665
236176773
236176675
236175455
236175077
236173913
