236128407
236128056
236127596
236127546
236127395
236127388
236127156
236126791
236126620
236126568
236126501
236126488
236126186
236126023
236124843
236124371
236124079
236123532
236123306
236123286
236122495
236122409
236122232
236122085
236121917
236121886
236120830
236119553
236119500
236119443
236119123
236119068
236118391
236118379
236117891
236117782
236117512
236117036
236116845
236115606
236115305
236115043
236114854
236114043
236113925
236113585
236113189
236112932
236112921
236112862
236112819
236112797
236112682
236112667
236112486
236112216
236112130
236111881
236111844
236111757
236111624
236111528
236111524
236111345
236111226
236111197
236111031
236110816
236110812
236110806
236110755
236110729
236110662
236110433
236110398
236110248
236109948
236109904
236109818
236109793
236108915
236108606
236108397
236107933
236107549
236107534
236107363
236107088
236106852
236106103
236106007
236105897
236105273
236105213
236104766
236104755
236104517
236104361
236104187
236103873
