236173843
236173812
236173631
236173542
236173262
236172908
236172524
236172518
236172395
236170651
236170595
236170580
236170126
236170043
236169945
236169791
236169747
236169668
236169658
236169381
236168784
236168638
236168400
236168251
236168008
236167916
236166240
236165806
236165604
236165229
236165004
236164470
236164210
236163936
236163888
236163795
236163704
236163454
236163208
236163104
236162767
236162496
236162480
236162397
236162383
236162177
236162041
236161961
236161934
236161498
236161437
236161112
236161029
236160507
236160484
236160287
236159630
236159491
236159422
236159204
236159137
236158796
236157604
236157208
236156882
236156818
236156609
236156531
236156233
236156154
236156046
236155907
236155661
236155524
236155081
236154145
236154055
236153706
236153461
236153291
236153164
236152908
236152882
236152606
236152370
236152239
236152171
236151947
236151701
236151478
236151398
236151377
236151364
236150946
236150852
236150695
236150644
236149319
236149182
236149176
