236227976
236227785
236227243
236227155
236226942
236226599
236226364
236225675
236225547
236225544
236225224
236225110
236224887
236224688
236224682
236224125
236223114
236222773
236222530
236221744
236221682
236221476
236221145
236221096
236220974
236220718
236220357
236220216
236220070
236219463
236219210
236219108
236219054
236218967
236218834
236218357
236218261
236218082
236217934
236217635
236217560
236217535
236217509
236217505
236216977
236216917
236216773
236216769
236216708
236216673
236216537
236214767
236214703
236214250
236213975
236213713
236213689
236213537
236213261
236212954
236212698
236212068
236211550
236211523
236211486
236211398
236211359
236211189
236211052
236210955
236210911
236210886
236210624
236210606
236210404
236210179
236210031
236210004
236209989
236209839
236209795
236209361
236209247
236209182
236208304
236208191
236208122
236206112
236206099
236205350
236204891
236204356
236203925
236203471
236202942
236202778
236202454
236202383
236202240
236202199
