236291211
236290175
236289992
236289533
236288137
236288101
236287788
236286664
236286502
236286128
236285907
236285776
236285703
236285671
236285134
236284739
236284430
236284267
236284093
236284019
236283975
236283970
236283948
236283926
236283778
236283690
236283545
236283464
236283218
236283200
236282834
236282819
236282709
236282701
236282657
236281427
236281219
236280971
236280794
236280267
236279961
236279021
236278852
236278718
236278611
236278500
236278372
236278300
236278251
236277777
236277319
236276906
236276521
236276319
236276256
236275906
236275654
236275424
236275140
236274902
236274665
236274225
236274157
236273547
236272994
236272841
236272743
236271582
236271060
236270987
236270900
236270814
236270513
236270433
236270391
236270383
236270079
236269665
236269655
236269165
236269119
236268871
236268509
236268410
236268139
236267649
236267443
236267402
236267212
236267006
236266950
236266890
236266887
236266625
236266578
236266577
236266439
236266216
236266190
236266174
