236318443
236318011
236317120
236316850
236316759
236316582
236316227
236315621
236314924
236314615
236314141
236314111
236314095
236314080
236313549
236313431
236313364
236312802
236312702
236312589
236312501
236312136
236311660
236311629
236311521
236311507
236311465
236311392
236310884
236309794
236308651
236308508
236308281
236308201
236308166
236308141
236307469
236307051
236306870
236306843
236306698
236306570
236306452
236306406
236306286
236306188
236306156
236306146
236306027
236306017
236305916
236305796
236305580
236305207
236305102
236304858
236304563
236304502
236304359
236304002
236303931
236303908
236303745
236303676
236303470
236303347
236300988
236300744
236300511
236300422
236300089
236299929
236299716
236299700
236299507
236298660
236298635
236298622
236298164
236297833
236297808
236297757
236297654
236297318
236297084
236296736
236296332
236295912
236295016
236294628
236293851
236293663
236293643
236293479
236292978
236292384
236292271
236292243
236291990
236291380
