236266124
236265601
236265579
236264986
236264875
236264640
236264634
236264571
236264019
236262996
236262589
236262059
236261540
236261132
236260767
236260636
236260189
236259870
236259730
236259236
236259006
236258772
236258706
236258616
236258092
236258076
236258023
236257990
236257746
236257118
236256965
236256931
236256749
236256633
236256582
236256441
236256424
236255988
236255717
236255437
236255253
236254615
236253712
236253652
236252578
236252460
236252163
236251852
236251827
236250855
236250729
236250093
236249492
236249241
236249000
236248860
236246767
236246260
236245238
236245199
236245194
236244637
236244379
236243423
236243269
236243036
236242990
236242926
236242474
236242465
236241068
236240355
236239921
236239756
236238316
236238307
236238193
236237926
236237863
236236943
236236593
236236208
236235834
236235775
236235712
236235537
236235513
236233912
236233904
236233563
236233233
236233193
236232161
236231621
236231397
236230100
236229929
236229879
236229423
236229345
