236397884
236397257
236397194
236397156
236396993
236396752
236396271
236395931
236395888
236395189
236394561
236394363
236394223
236393699
236393365
236393265
236393185
236393148
236393010
236392932
236392829
236392750
236392744
236392593
236392424
236392243
236392202
236392049
236391840
236391655
236391615
236391421
236391411
236391367
236391318
236391150
236390931
236390926
236390840
236390745
236390667
236390568
236390375
236390239
236390171
236390077
236389896
236389834
236389693
236389690
236389605
236389530
236389512
236389313
236389257
236389240
236389069
236388901
236388780
236388729
236387241
236387239
236387124
236387080
236387069
236386896
236386771
236385161
236385149
236385048
236384938
236384854
236384711
236384620
236384456
236384239
236384185
236383865
236383810
236383716
236383550
236383546
236383528
236383307
236383005
236382918
236382849
236382727
236382533
236382486
236382234
236382176
236382165
236382139
236382042
236381945
236381827
236381821
236381617
236381607
