236365324
236365147
236365121
236365120
236364614
236364370
236364210
236363799
236363309
236363178
236363173
236363171
236362831
236362761
236362735
236362621
236362419
236361954
236361800
236361777
236361621
236361562
236361456
236361339
236361299
236361243
236361226
236361051
236360407
236360235
236359803
236359726
236359525
236359334
236358955
236358774
236358613
236358463
236357927
236357591
236357556
236357453
236357097
236355087
236354705
236354534
236354512
236354415
236353649
236353105
236353099
236352962
236352749
236352403
236352274
236352262
236352196
236352169
236352149
236352024
236352009
236351796
236351659
236351565
236350652
236350537
236350349
236349377
236348898
236348413
236348119
236347978
236347813
236347709
236347234
236347150
236346949
236346855
236346806
236346801
236345927
236345585
236345551
236345533
236344947
236344751
236344529
236344297
236343286
236343063
236342835
236342210
236342003
236341730
236341467
236341066
236341018
236340928
236340858
236339400
