236339307
236339231
236338489
236338182
236337854
236337774
236337444
236337428
236337313
236337292
236337009
236336698
236336661
236336551
236336543
236336539
236336528
236336365
236336140
236336048
236335896
236335789
236335602
236335235
236334131
236333601
236333224
236333204
236333087
236333071
236333061
236332569
236331385
236330783
236330670
236329800
236329688
236329390
236329356
236329299
236329261
236329134
236328606
236328524
236328391
236328220
236327998
236327465
236327329
236327208
236327060
236326964
236326105
236325652
236324752
236324741
236324716
236324637
236324455
236324429
236324418
236324035
236323830
236323787
236323614
236323448
236323208
236323035
236322924
236322570
236322242
236322222
236322193
236321894
236321790
236321748
236321728
236321631
236321594
236321580
236321277
236321274
236321218
236321171
236320993
236320959
236320853
236320798
236320702
236320585
236320539
236319955
236319914
236319794
236319690
236319506
236319376
236319247
236319191
236319049
