236381410
236381342
236381326
236381230
236381220
236381126
236381107
236380943
236380579
236380391
236380149
236379624
236379574
236379351
236379291
236379229
236379067
236378995
236378635
236378404
236378304
236378016
236377872
236377761
236377730
236377685
236377480
236377386
236377279
236377265
236377234
236377179
236377008
236376900
236376885
236376823
236376496
236375889
236375886
236375880
236375878
236375864
236375698
236375649
236375451
236375370
236375187
236375157
236374964
236374759
236374750
236374702
236374365
236374330
236374313
236374171
236373812
236373416
236373342
236373262
236373249
236373198
236373147
236373139
236371635
236371570
236371557
236371326
236371101
236370190
236369960
236369734
236369710
236369664
236369463
236369431
236369392
236369366
236369361
236369193
236368844
236368687
236368182
236368127
236368020
236367993
236367920
236367648
236367618
236366975
236366921
236366577
236366475
236366450
236365894
236365617
236365504
236365498
236365454
236365446
