236420587
236420399
236420363
236420261
236420065
236419931
236419802
236419710
236419690
236419685
236419641
236419612
236419539
236419386
236418654
236418461
236417712
236417365
236417322
236417106
236416879
236416600
236416458
236416414
236416349
236416311
236416277
236416151
236416096
236416072
236416038
236415776
236415526
236415517
236415258
236415109
236414969
236414620
236414613
236414558
236414251
236414195
236414173
236414029
236414025
236414003
236413983
236413861
236413726
236413333
236413044
236412813
236412704
236411911
236411896
236411844
236411750
236411680
236411551
236411365
236411318
236409703
236409218
236408895
236408371
236407799
236407391
236407136
236406211
236406095
236405567
236405411
236405112
236404983
236404903
236404752
236404718
236404487
236404455
236403642
236403345
236403095
236402825
236402799
236402793
236402694
236402412
236402224
236401661
236401336
236400951
236400565
236399938
236399730
236399471
236399216
236398728
236398725
236398549
236398236
