236458440
236458029
236456723
236454864
236454518
236454492
236454433
236454062
236453615
236453416
236452988
236452552
236452460
236452023
236451654
236451194
236450671
236449502
236449367
236449361
236448951
236448294
236447681
236447297
236446999
236446988
236446577
236446557
236446358
236446342
236446162
236446004
236445935
236445860
236445787
236445774
236445644
236445452
236445431
236445425
236445160
236445158
236445058
236444999
236444916
236444824
236444813
236444788
236444719
236444583
236444553
236443753
236443505
236443459
236443414
236443344
236443321
236442253
236442211
236441572
236441556
236441251
236440535
236440485
236440479
236440457
236440381
236440378
236440374
236440343
236440089
236440065
236440054
236439506
236439351
236439345
236439239
236439189
236438923
236438873
236438528
236438016
236437964
236437797
236437751
236437650
236437283
236437052
236437047
236436680
236436605
236436544
236436282
236435809
236435768
236435642
236435568
236435498
236435304
236435280
