236435227
236435223
236434786
236434689
236433652
236432673
236432663
236432660
236432623
236432343
236432165
236432101
236431733
236431703
236431553
236431408
236430943
236430770
236430689
236430569
236430485
236430414
236430157
236430065
236429852
236429606
236429580
236429321
236429312
236429161
236429108
236429084
236429068
236429055
236429041
236428810
236428790
236428599
236428143
236428120
236428107
236427913
236427850
236427840
236427838
236427828
236427813
236427681
236427660
236427627
236427586
236427303
236427191
236427047
236426593
236426563
236426199
236426017
236425884
236425634
236425208
236425181
236425049
236424920
236424592
236424569
236424341
236423988
236423670
236423575
236423542
236423293
236423267
236423100
236423003
236422944
236422829
236422638
236422391
236422363
236422337
236422299
236422187
236422125
236422123
236421972
236421924
236421894
236421831
236421562
236421560
236421476
236421444
236421388
236421244
236421033
236420937
236420931
236420876
236420721
