236509458
236508955
236508698
236508117
236507773
236507684
236507634
236507467
236507424
236507391
236506863
236506484
236506103
236506027
236505387
236505341
236503170
236502914
236502725
236502648
236502643
236502481
236502205
236501830
236501541
236501367
236501160
236500973
236500867
236500423
236500075
236500073
236499921
236499832
236499806
236499611
236499550
236499319
236499217
236499132
236499050
236499001
236498810
236498770
236498686
236498669
236498619
236498562
236498263
236498170
236498076
236497997
236497777
236497745
236497737
236497505
236497498
236497473
236497115
236497098
236496503
236496390
236496270
236495765
236495615
236495489
236495465
236494829
236494755
236494495
236494403
236493537
236493328
236493323
236493305
236493156
236493069
236493045
236492922
236492498
236492458
236492419
236492034
236492001
236491883
236491863
236491785
236491778
236491449
236491422
236491395
236491394
236491282
236491261
236491147
236491088
236490962
236490895
236490838
236490543
