236490485
236490454
236490418
236490152
236490029
236489907
236489621
236489436
236489374
236489268
236489154
236488517
236488418
236488401
236487888
236487847
236487780
236487714
236487551
236487511
236487485
236487449
236487426
236487232
236486687
236486485
236486448
236486409
236486299
236486249
236486050
236486043
236485915
236485559
236485332
236485221
236485214
236485176
236484933
236484652
236484449
236484420
236484097
236484038
236484021
236484003
236483935
236483729
236483572
236483218
236483031
236482946
236482941
236482885
236482838
236482675
236482394
236482369
236482240
236482216
236482146
236482110
236481916
236481816
236481752
236481739
236481729
236481641
236481408
236481338
236481191
236480392
236480300
236479911
236479690
236479625
236479491
236479414
236479192
236478972
236478954
236478842
236478670
236478396
236478233
236478088
236477931
236477826
236477811
236477667
236477637
236477533
236477403
236477302
236477238
236477189
236477059
236476910
236476878
236476831
