236476597
236476521
236476373
236476332
236476251
236476244
236476225
236476108
236475994
236475872
236475736
236475334
236475250
236475239
236475219
236475207
236475105
236475097
236475040
236475010
236474996
236474941
236474854
236474650
236474645
236474405
236474284
236474278
236474257
236473898
236473879
236473864
236473803
236473726
236472828
236472424
236472224
236471732
236471650
236471326
236471101
236470920
236470863
236470434
236470413
236469946
236469884
236469434
236469369
236468852
236468826
236468766
236468518
236468281
236468235
236468223
236468179
236468017
236467890
236467506
236467466
236467346
236467338
236467056
236467013
236466992
236466838
236466654
236466645
236466349
236466268
236466112
236465936
236465889
236465763
236465276
236464349
236464261
236464251
236464136
236463931
236463714
236463283
236463131
236462331
236461685
236461677
236461117
236460823
236460378
236459595
236459579
236459566
236459541
236459368
236458838
236458819
236458746
236458738
236458526
