236545778
236545763
236545544
236545528
236545509
236545434
236545300
236545252
236544802
236544724
236544693
236544461
236544405
236544294
236544078
236544035
236543904
236543017
236542967
236542923
236542547
236542453
236542431
236542332
236542274
236542256
236541901
236541896
236541825
236541627
236541605
236541596
236541377
236540958
236540884
236540752
236540605
236540123
236540107
236540071
236540063
236540000
236539958
236539951
236539889
236539844
236539642
236539404
236539326
236539025
236539005
236538997
236538794
236538595
236538510
236538389
236538326
236538285
236538216
236538172
236538155
236538154
236538146
236537829
236537732
236537456
236537341
236537261
236537250
236537110
236537079
236537017
236536993
236536974
236536953
236536934
236536780
236536490
236536338
236536336
236536203
236536171
236536079
236536052
236535981
236535760
236535723
236534518
236534255
236534182
236533941
236533423
236533242
236532858
236532751
236532668
236532608
236531895
236531816
236531783
