236591138
236590993
236590900
236590683
236590587
236590459
236590292
236590281
236590185
236590131
236590002
236589967
236589784
236589759
236589141
236588682
236588649
236588493
236588095
236587793
236587638
236587529
236587225
236586590
236586396
236586162
236586007
236585954
236585900
236585851
236585850
236585524
236585515
236585429
236585297
236585295
236585217
236585170
236585091
236585002
236584945
236584931
236584608
236584478
236584358
236584306
236584101
236584009
236583611
236583554
236583549
236583360
236583112
236583076
236582984
236582443
236582375
236582308
236582266
236582142
236580733
236580449
236580308
236579352
236579252
236578868
236578503
236578342
236578260
236577579
236577003
236576905
236576902
236576589
236576456
236576398
236576279
236575888
236575799
236575091
236574998
236574575
236574446
236574426
236574291
236573234
236572958
236572448
236572315
236571566
236571388
236571277
236570500
236570205
236570144
236569825
236569444
236569099
236568972
236568968
