236607727
236607544
236607262
236607206
236607093
236606910
236606485
236606287
236606116
236606047
236605952
236605758
236605638
236605568
236605554
236605527
236605299
236605297
236605090
236604774
236604666
236604597
236603831
236603497
236603309
236602696
236602493
236602283
236602240
236602118
236601471
236601352
236601271
236601113
236601087
236600928
236600922
236600343
236600047
236600005
236599741
236599589
236599167
236599066
236598935
236598810
236598608
236598572
236598546
236598545
236598343
236598277
236598230
236598191
236598076
236597818
236597768
236597686
236597566
236597207
236597177
236597079
236595656
236595413
236595212
236595122
236595020
236594676
236594659
236594586
236594370
236594292
236594129
236593976
236593867
236593636
236593542
236593472
236592984
236592967
236592917
236592845
236592747
236592537
236592261
236592245
236592233
236592044
236592034
236591911
236591720
236591638
236591554
236591491
236591368
236591319
236591286
236591174
236591172
236591163
