236531716
236531641
236531621
236530990
236530631
236530357
236530327
236530289
236530260
236530172
236529910
236529830
236529640
236529397
236529396
236529204
236529202
236529196
236528976
236528944
236528924
236528886
236528798
236528687
236528465
236528421
236528232
236528136
236527979
236527791
236527761
236527683
236527676
236527648
236527544
236526975
236526723
236526644
236526066
236525727
236525288
236525227
236525224
236524818
236524814
236524772
236524510
236524454
236524445
236524294
236524287
236524234
236523952
236523592
236523316
236523034
236523032
236522167
236522099
236521880
236521772
236521603
236521031
236521029
236520901
236520832
236520380
236520281
236519937
236519758
236519621
236519571
236519517
236519330
236517931
236515824
236515638
236515258
236515130
236514944
236514151
236513995
236513985
236513678
236513642
236513543
236513276
236513158
236512457
236512397
236512241
236512082
236511964
236511905
236511853
236511841
236511758
236511128
236510728
236509461
