236568817
236568138
236568036
236567958
236567607
236567344
236567225
236567090
236566748
236566551
236566258
236566106
236565871
236565079
236564718
236563534
236563431
236563100
236562109
236561945
236561810
236561465
236561331
236561166
236560635
236559984
236559705
236559232
236558793
236558682
236558172
236558150
236557455
236557423
236556713
236556673
236556439
236556380
236555984
236555533
236555345
236555151
236555079
236554944
236554882
236554759
236554405
236554393
236554080
236554077
236553952
236553794
236553688
236553530
236553488
236552878
236552567
236552488
236552394
236552358
236552271
236551605
236551473
236551333
236551230
236550948
236550600
236550475
236549880
236549798
236549739
236549616
236549594
236549461
236549310
236549253
236549196
236548965
236548903
236548862
236548652
236548631
236548306
236548118
236548095
236547942
236547926
236547701
236547204
236547202
236546983
236546765
236546672
236546422
236546410
236546373
236546358
236546168
236546077
236545968
