236636258
236636232
236636058
236635795
236635465
236635253
236635094
236634868
236634190
236633949
236633920
236633752
236633206
236633056
236632499
236632467
236632357
236632284
236631975
236631794
236631793
236631684
236631655
236631433
236631103
236631063
236630888
236630801
236630699
236630490
236630329
236630315
236630256
236630082
236629800
236629758
236629148
236629030
236628975
236628928
236628752
236628750
236628492
236628417
236628126
236628058
236626747
236626391
236626116
236624694
236624321
236623400
236622658
236622602
236622152
236621980
236621876
236621848
236621589
236621360
236621248
236621216
236621176
236620630
236620284
236619394
236618964
236618437
236616677
236616017
236615452
236615161
236614631
236614198
236614046
236613977
236613374
236613254
236612861
236612814
236612699
236612679
236612485
236612444
236612404
236612118
236611447
236611083
236611075
236610417
236609844
236609488
236609338
236609234
236609062
236608798
236608354
236608063
236608032
236607977
