236659527
236658880
236658768
236658753
236658707
236658691
236658619
236658568
236658380
236658328
236657859
236657797
236657440
236657205
236657071
236656835
236656810
236656051
236654537
236654247
236654038
236653959
236653818
236653430
236653249
236653241
236653235
236653141
236652981
236652931
236651880
236651817
236651500
236651273
236651021
236651016
236650983
236650272
236650164
236650049
236650001
236649885
236649822
236649255
236647565
236647350
236647056
236646532
236646412
236646407
236646311
236646305
236646254
236646157
236645826
236645822
236645150
236645039
236644714
236644525
236644506
236644289
236644217
236643844
236643672
236643608
236643385
236643373
236642976
236642942
236642932
236642868
236642803
236642618
236642567
236642480
236641749
236641360
236641356
236641252
236640721
236640349
236640056
236639460
236639298
236639100
236639021
236638959
236638832
236638745
236638006
236637970
236637926
236637601
236637490
236637285
236636981
236636842
236636517
236636275
