236689558
236689417
236689011
236688742
236688736
236688607
236688576
236688563
236688543
236688379
236688219
236688206
236687851
236687826
236687820
236687783
236687570
236687463
236687298
236687246
236686713
236686301
236686234
236686184
236685742
236684339
236683861
236683747
236683616
236683295
236683005
236682544
236682522
236682384
236681976
236681913
236681733
236681655
236681064
236680929
236680913
236680757
236680475
236680069
236680051
236679943
236679401
236679216
236679017
236679006
236678708
236678554
236678372
236678270
236676146
236675768
236675519
236674921
236674760
236674554
236674496
236674464
236674450
236674373
236674110
236674085
236673999
236673172
236673141
236673041
236672871
236671851
236670994
236670579
236669940
236669177
236667983
236667653
236666861
236666827
236666688
236666438
236665921
236665688
236662673
236662649
236662367
236662200
236662107
236661843
236661721
236661470
236661320
236661085
236660781
236660728
236660330
236660212
236660155
236659834
