236711864
236711822
236711783
236711773
236711645
236711255
236711215
236710964
236710787
236710727
236710476
236710077
236709684
236709647
236709332
236707854
236707698
236707648
236707260
236707040
236706870
236706675
236706281
236706216
236706182
236705914
236705592
236705084
236704980
236704633
236704512
236704136
236703679
236703365
236703295
236703183
236703018
236702784
236702341
236702178
236702117
236702111
236702042
236701931
236701848
236701768
236701663
236701352
236700279
236700129
236699705
236699652
236699586
236699518
236699036
236698256
236698145
236698008
236697837
236697578
236697518
236697302
236697282
236696845
236696677
236696596
236696583
236696303
236696077
236695954
236695945
236695896
236695893
236695618
236695606
236695594
236695532
236695471
236695257
236695071
236694951
236694714
236694433
236693940
236693838
236693606
236692173
236691051
236691038
236690964
236690785
236690671
236690590
236690544
236690224
236690102
236690050
236690006
236689902
236689621
