236744061
236743973
236743413
236743262
236743259
236743218
236743179
236742946
236742252
236742192
236742087
236741590
236741553
236741485
236741184
236741106
236740972
236740739
236740080
236739985
236739141
236737648
236737584
236737536
236737478
236737416
236737290
236736925
236736838
236736793
236736749
236736662
236736466
236736416
236736383
236735593
236735358
236734991
236734882
236734758
236734618
236734421
236733879
236733635
236733326
236733234
236733129
236732959
236732696
236732568
236732537
236732064
236731822
236731701
236731517
236730133
236730000
236729811
236729775
236728728
236727509
236727428
236727000
236726689
236725790
236725659
236725552
236725545
236725432
236725367
236725319
236724635
236723477
236723251
236722442
236722432
236722160
236721804
236721144
236720320
236719468
236718942
236718555
236718028
236717820
236717766
236717614
236716299
236714581
236714000
236713917
236713850
236713710
236713584
236713226
236712897
236712887
236712766
236712440
236711963
