236767781
236767751
236767639
236767183
236766804
236766327
236766293
236766207
236766009
236765991
236764763
236764751
236761926
236761755
236761441
236761156
236761122
236761036
236760767
236760723
236760560
236760368
236759773
236759749
236759650
236759647
236759343
236758805
236758447
236758328
236758238
236758176
236757981
236757968
236757851
236757549
236757475
236757457
236757249
236757221
236757104
236756855
236756842
236756621
236756611
236756475
236756419
236756157
236755102
236754802
236753910
236753786
236753531
236753462
236753446
236753342
236753055
236753047
236752946
236752916
236752228
236752133
236751729
236751384
236751198
236751058
236750799
236750766
236750649
236750553
236750467
236750376
236750232
236750146
236749659
236749564
236749299
236749203
236748959
236748848
236748763
236748682
236748662
236748587
236748545
236748424
236747572
236746271
236746040
236745809
236745756
236745642
236745518
236745443
236745334
236745243
236744940
236744779
236744542
236744066
