236805484
236804909
236804838
236804435
236804166
236802810
236801560
236801549
236800637
236800488
236800441
236800440
236800031
236799785
236799443
236798340
236798326
236798224
236798114
236798088
236798071
236797960
236797832
236797808
236797563
236797448
236797207
236797035
236796984
236796712
236796525
236796318
236795783
236795179
236795112
236795008
236794861
236792777
236792277
236792056
236791521
236791250
236790869
236790835
236790633
236789934
236789401
236789331
236789144
236788973
236788872
236788339
236787616
236786886
236786682
236786259
236785987
236785365
236784638
236783571
236783030
236782731
236782435
236782201
236782149
236782137
236781232
236781004
236780931
236780478
236780349
236780036
236779880
236779826
236779549
236778148
236777729
236777631
236776136
236774936
236774871
236774684
236773925
236772859
236772115
236772073
236771756
236771411
236771343
236770810
236770113
236770048
236769932
236769493
236769371
236768260
236768089
236767998
236767874
236767807
