236916870
236916451
236916147
236915708
236915451
236915385
236914889
236914460
236914364
236914255
236913023
236912467
236910400
236910279
236910159
236909705
236908571
236908422
236908310
236908164
236907915
236907842
236907526
236907486
236907441
236907422
236906947
236906624
236906363
236906282
236905568
236904710
236904696
236903987
236903950
236903761
236902792
236902234
236902103
236901691
236901659
236901481
236901457
236900992
236900687
236900279
236900197
236899745
236899603
236899517
236899208
236898984
236898907
236898720
236898462
236898345
236898206
236897888
236897809
236897762
236897498
236897459
236897233
236897006
236895631
236893175
236892910
236892277
236892218
236892064
236891147
236891126
236890777
236890757
236890414
236890200
236890111
236889128
236888998
236888143
236887268
236886163
236885956
236885831
236885577
236883836
236882939
236882866
236881489
236881482
236881033
236880975
236878079
236877261
236877109
236876949
236876831
236876279
236876214
236876205
