236842261
236842032
236841553
236841547
236841535
236841533
236840734
236840637
236840596
236839549
236839250
236838539
236838182
236836136
236836013
236835198
236834734
236834252
236833906
236833720
236833545
236833339
236833094
236832599
236832393
236831224
236830261
236830214
236829778
236829452
236828309
236828239
236828214
236828079
236828035
236826016
236825983
236825966
236825384
236823812
236822358
236822174
236821472
236821454
236821443
236821263
236820946
236820802
236820782
236820751
236820637
236820475
236820360
236819974
236819546
236818203
236818139
236818002
236817732
236817574
236817539
236816809
236815629
236815252
236814663
236814250
236813780
236813714
236813629
236813628
236813458
236813141
236813132
236813082
236812890
236812787
236812548
236812543
236812491
236812316
236812159
236811868
236810408
236810353
236809089
236807784
236807564
236807381
236807379
236807273
236806928
236806383
236806315
236806237
236806151
236805848
236805779
236805619
236805610
236805546
