236875967
236875816
236875796
236875046
236874634
236874604
236873795
236872827
236872641
236870281
236869951
236869626
236869621
236868973
236868798
236868284
236867880
236867766
236867761
236866897
236866596
236866059
236865549
236865538
236865158
236864952
236864287
236864055
236863652
236862996
236861986
236861886
236861624
236861520
236861070
236860983
236860799
236860780
236860614
236860326
236860166
236860075
236859837
236859379
236859101
236858790
236858387
236858272
236857817
236857593
236857497
236857401
236856371
236855898
236854736
236854033
236853759
236853538
236853041
236852938
236852815
236852726
236852446
236852434
236852309
236852160
236852079
236851898
236851884
236851444
236850455
236850431
236850290
236850069
236850001
236849851
236849619
236849291
236849076
236848480
236848203
236847532
236847465
236847409
236847217
236846712
236845590
236845481
236845410
236845308
236844652
236844463
236843699
236843616
236843578
236843397
236843383
236843308
236842916
236842540
