237002303
237002285
237002204
237001682
237001508
237001217
237000738
237000398
237000169
236999848
236999789
236999168
236999161
236999117
236998577
236998403
236997737
236997504
236997102
236996760
236996357
236995257
236994996
236993830
236993512
236993484
236993331
236993327
236993056
236992754
236992482
236991947
236991707
236991396
236990066
236989332
236989268
236988163
236987228
236986789
236986234
236985034
236984705
236984528
236984122
236984095
236983527
236983351
236982779
236982713
236982283
236982027
236981657
236981293
236981139
236981106
236981021
236980696
236980492
236980025
236979967
236979394
236979387
236979088
236978619
236977442
236977104
236976836
236976368
236974797
236974261
236974152
236973962
236973816
236973786
236973779
236972979
236972730
236972595
236972071
236971984
236971067
236970886
236970827
236970001
236969986
236969845
236969418
236969379
236968724
236968171
236967349
236967120
236967059
236966615
236966461
236964410
236963843
236963778
236963705
