236963627
236963471
236963320
236962783
236961441
236960590
236960462
236960282
236960007
236959440
236959374
236959243
236959099
236958920
236957076
236956557
236956543
236956454
236954503
236953448
236952890
236952032
236951575
236951453
236951338
236951271
236950436
236949398
236949261
236948983
236948683
236948536
236948335
236948068
236945324
236943976
236940605
236939823
236939515
236939415
236939391
236937487
236936293
236936128
236935732
236935062
236934697
236934236
236934139
236933917
236933362
236933287
236932721
236932290
236932119
236931165
236930758
236930214
236930010
236929076
236927807
236927803
236927782
236927624
236927608
236927180
236926715
236925722
236925554
236925345
236925237
236924543
236924239
236924230
236924182
236924119
236923673
236923134
236922976
236922737
236922293
236921786
236921657
236921380
236921206
236921178
236920528
236920374
236919250
236919181
236918975
236918803
236918629
236918281
236917894
236917789
236917777
236917550
236917340
236917291
