237108924
237108827
237108555
237107875
237107499
237107333
237106905
237106713
237105989
237105551
237104292
237103999
237103707
237103647
237103260
237102523
237102310
237102281
237102266
237100973
237100708
237100544
237098767
237098076
237097833
237096858
237096848
237096846
237096643
237096253
237095169
237094946
237094749
237094270
237094093
237094085
237094069
237093803
237091434
237091301
237091131
237090954
237088789
237088572
237088407
237088325
237088308
237087306
237087202
237086955
237086889
237086859
237086553
237086549
237086219
237086158
237085925
237085781
237085030
237084315
237083800
237083050
237082385
237082262
237082093
237081964
237081401
237081336
237079350
237078772
237078688
237078387
237077777
237077421
237076948
237075603
237074780
237074400
237074215
237073934
237073683
237073345
237070919
237070581
237070039
237068599
237068097
237067994
237067643
237066367
237062794
237062234
237062051
237061830
237061717
237061423
237061399
237060832
237060394
237059802
