237059777
237059467
237058930
237058663
237058604
237058451
237056847
237054365
237054208
237054191
237053974
237053525
237053487
237053420
237052934
237052892
237052772
237051542
237051200
237050861
237050665
237050417
237049732
237048845
237047759
237046680
237046436
237045303
237044492
237044134
237043723
237043032
237042974
237042781
237042469
237042384
237041950
237041815
237041520
237041335
237040919
237040718
237040324
237040263
237040042
237039944
237039310
237039294
237039129
237038877
237038425
237037868
237037765
237037600
237036871
237036846
237035718
237034868
237033443
237032320
237031888
237031325
237031251
237030545
237030443
237029974
237029939
237029103
237028542
237026866
237026364
237026346
237025672
237025556
237025541
237024905
237023320
237023305
237023300
237023285
237023267
237020562
237017136
237016014
237015410
237015372
237014239
237010744
237010447
237009566
237008435
237007837
237007443
237006916
237006719
237006123
237005916
237005893
237005632
237003507
