237223966
237223696
237223194
237222401
237222259
237222171
237221769
237221720
237221200
237220651
237220087
237219575
237218310
237216834
237216833
237216818
237216539
237216497
237215933
237215352
237215298
237215150
237215140
237215082
237214669
237214599
237214496
237214332
237214296
237214229
237214139
237213808
237213658
237213463
237213451
237212504
237212361
237212304
237211691
237210640
237210452
237210323
237210130
237209969
237209651
237209442
237209388
237208999
237208680
237208518
237207896
237207433
237207259
237206979
237206865
237206772
237206508
237206308
237205687
237204833
237204359
237204212
237203480
237201806
237201442
237200794
237200719
237197912
237197884
237197867
237194398
237192035
237191638
237191509
237191407
237188523
237188229
237187383
237185590
237185519
237184110
237183837
237182135
237181908
237181804
237181546
237179879
237179820
237179632
237179509
237179108
237178844
237178609
237178389
237178173
237176288
237176055
237176043
237173681
237173573
