237143621
237143552
237143473
237143333
237143170
237142999
237142994
237142965
237142942
237142923
237142896
237142799
237142433
237142263
237142024
237140452
237140269
237139417
237138950
237138518
237137069
237136819
237136648
237136442
237136020
237135554
237135491
237134895
237134865
237134569
237134333
237134128
237134014
237133049
237131995
237131362
237131284
237130839
237129649
237129311
237128694
237127059
237126477
237126288
237125502
237125281
237125134
237124776
237123836
237123714
237123613
237123381
237123298
237122973
237122746
237122320
237122276
237122231
237121693
237121616
237121406
237121299
237121247
237121131
237121066
237120863
237120807
237120657
237120510
237120312
237119318
237119203
237119180
237119072
237118590
237118535
237116976
237116927
237116871
237116306
237116242
237116044
237115594
237115539
237115274
237115205
237114976
237114287
237113721
237113565
237113113
237112022
237111759
237111140
237111120
237111066
237110839
237110578
237110521
237110481
