237173530
237173316
237173313
237172366
237172321
237171975
237171565
237171501
237171194
237170809
237170630
237170564
237170558
237170032
237169268
237167550
237167493
237166650
237166406
237165837
237165625
237165354
237165298
237165163
237165111
237165068
237164908
237164868
237164656
237164328
237164232
237164181
237164175
237163429
237163416
237163389
237162966
237162857
237162680
237162315
237162095
237161841
237161703
237161107
237160367
237159985
237159417
237159403
237159353
237159158
237159030
237158862
237157219
237157175
237156968
237156702
237156642
237156400
237156309
237155927
237155812
237155791
237155718
237154834
237154181
237154001
237153643
237153415
237153126
237153026
237152813
237152746
237152464
237151664
237151510
237151469
237150751
237150637
237150314
237149851
237148100
237148088
237148082
237147985
237147527
237147100
237147089
237147000
237146991
237146647
237146625
237145934
237145894
237145737
237145561
237145465
237145178
237144470
237144392
237143673
