237317722
237317497
237317488
237317487
237317409
237317093
237316923
237316643
237316475
237316451
237316365
237315557
237315151
237314854
237314814
237314799
237314767
237314738
237314732
237314277
237313873
237313509
237312579
237311995
237311947
237311922
237310992
237309815
237309802
237309734
237309609
237309416
237309400
237309391
237309339
237308904
237308192
237307303
237307281
237305799
237304815
237304562
237304310
237303921
237302341
237302291
237301906
237301645
237301020
237300025
237299623
237298287
237296612
237295831
237294542
237294011
237293481
237293251
237292236
237292048
237291839
237291621
237291462
237290701
237287186
237286588
237286413
237286286
237284483
237284024
237283977
237283866
237283372
237283126
237281663
237281202
237281198
237281095
237280786
237280365
237280254
237280068
237279920
237279882
237279659
237279117
237278936
237278813
237278429
237277099
237277042
237276385
237276068
237275216
237274632
237274467
237274217
237273849
237273766
237273559
