237273365
237272833
237272520
237272032
237271855
237271263
237271094
237271056
237269063
237268688
237268589
237267655
237267646
237267600
237267204
237267185
237266601
237266528
237266405
237266315
237265824
237264861
237264274
237264051
237263943
237263648
237261622
237261620
237261224
237260806
237259963
237259301
237258979
237258746
237258725
237258531
237258335
237258252
237257839
237257772
237257731
237256645
237256039
237255918
237255569
237255243
237254946
237254906
237254250
237254072
237254064
237253514
237253302
237252190
237251843
237251407
237251370
237251240
237251232
237250943
237250887
237249776
237249326
237248976
237248813
237248788
237248593
237248592
237246246
237245271
237244781
237243678
237243646
237243144
237243136
237241921
237241755
237241321
237240913
237239297
237237619
237237520
237236919
237236882
237235918
237235163
237233811
237233542
237232926
237229923
237229495
237229402
237229321
237228867
237228789
237227618
237227343
237227290
237225321
237224591
