237435615
237434944
237434675
237434327
237434181
237434120
237433697
237433520
237433220
237432917
237432602
237432404
237432233
237432127
237430060
237429790
237429586
237428744
237427730
237427206
237427126
237426826
237426781
237426721
237426116
237425989
237425835
237425636
237424871
237424545
237423434
237423412
237422422
237422271
237422029
237421598
237420371
237419854
237419391
237419284
237419116
237418951
237418912
237418831
237418762
237418719
237418387
237418153
237417132
237416939
237416831
237415161
237415137
237414998
237414953
237414410
237413799
237413798
237412708
237412527
237412346
237411898
237411692
237411664
237411657
237411164
237411146
237411031
237410893
237410860
237410662
237410624
237410283
237410268
237409355
237407083
237407024
237406943
237406344
237406189
237405949
237405608
237405582
237405538
237405237
237404395
237404185
237404159
237403909
237403857
237403643
237403326
237402928
237402897
237402276
237398853
237398221
237397965
237397921
237397736
