237354776
237354724
237354714
237354528
237353810
237352907
237352857
237352432
237352217
237352158
237351644
237351218
237350795
237350466
237350434
237350149
237348396
237348094
237348050
237347290
237347195
237346373
237346347
237345534
237345040
237344750
237344743
237344503
237344007
237343818
237342241
237341300
237340917
237339831
237339726
237339405
237339345
237338725
237337984
237337586
237336703
237336660
237336204
237335989
237334802
237334739
237334563
237333982
237333109
237332605
237332415
237332379
237332367
237332244
237332175
237331896
237331241
237331211
237330634
237330530
237330392
237330284
237330179
237329332
237329267
237329110
237328377
237328309
237327230
237327056
237327028
237326971
237326624
237326096
237325957
237325606
237325243
237325115
237324755
237324438
237323956
237323582
237323236
237322984
237322797
237322794
237322645
237322637
237322573
237322445
237322410
237321580
237320700
237320630
237319758
237319709
237319050
237318572
237318458
237317960
