237397393
237395674
237395414
237393263
237391473
237390492
237389433
237389229
237389160
237389003
237388452
237387511
237387349
237386343
237385363
237385251
237384528
237383939
237383115
237383045
237382753
237382567
237382291
237382093
237381646
237381538
237381026
237380889
237380751
237380186
237378601
237378150
237377947
237377876
237377578
237376738
237376607
237376375
237376264
237375849
237375848
237375431
237375274
237375136
237375096
237374660
237374568
237374502
237374443
237374335
237374083
237372815
237372651
237372634
237372354
237371892
237371313
237370741
237370506
237369924
237369789
237369446
237369306
237368810
237368681
237368303
237367895
237367598
237367384
237367042
237366974
237366546
237366129
237366092
237365790
237365494
237364957
237364726
237362953
237362313
237362089
237361961
237361392
237361340
237360804
237360526
237359961
237359676
237359497
237359303
237359153
237358232
237357720
237357566
237357361
237357300
237355898
237355814
237355420
237354866
