237527540
237526986
237526947
237525163
237524338
237523971
237523970
237523585
237523211
237523168
237523102
237522872
237522850
237522600
237522330
237521812
237521660
237521424
237521422
237521290
237521009
237519973
237519563
237519271
237518713
237518445
237517231
237516474
237515977
237515891
237515890
237515821
237515379
237515340
237515001
237514544
237513958
237513469
237511916
237510684
237509921
237509814
237509256
237508951
237508730
237508130
237507657
237507633
237507193
237507060
237507001
237506723
237506299
237506092
237505535
237504440
237503516
237502771
237502585
237502150
237501934
237500972
237500968
237499697
237499120
237498592
237496645
237496322
237495576
237494546
237493410
237493358
237493131
237492588
237492526
237492425
237492127
237491350
237490004
237489449
237488684
237488635
237488590
237487835
237487205
237487137
237486886
237486743
237485935
237485705
237485685
237485333
237484797
237484709
237484557
237481649
237481626
237481318
237480923
237479441
