237479289
237479276
237479269
237479153
237479037
237478872
237478765
237478631
237478316
237478218
237478202
237478037
237477778
237477253
237476921
237476897
237476798
237476759
237476740
237476596
237475471
237475393
237474166
237473358
237473024
237473000
237472133
237471973
237471596
237471373
237470967
237470896
237470767
237470663
237470449
237470369
237469817
237469724
237468920
237468774
237468716
237467453
237467067
237466826
237466532
237466229
237465618
237465054
237464531
237463516
237463176
237463041
237462881
237462852
237462705
237462598
237462476
237462452
237462402
237461366
237461080
237460779
237458940
237456980
237456378
237456016
237455766
237455629
237455554
237455544
237455084
237454831
237454726
237454604
237454223
237453685
237453537
237453032
237449902
237449677
237448663
237448397
237446466
237446156
237446063
237445516
237444322
237444232
237444006
237443190
237442837
237440283
237440279
237440172
237439748
237439747
237438583
237438091
237437344
237435966
