237612299
237612192
237611904
237611365
237610958
237610810
237610707
237609315
237609293
237609218
237608999
237608842
237608820
237608558
237608332
237608055
237606775
237606749
237606008
237605316
237604788
237604490
237603543
237600945
237600701
237596484
237594993
237593105
237592559
237591716
237590997
237590359
237590312
237590302
237590093
237589930
237589596
237589474
237589442
237589086
237588240
237588193
237588111
237587671
237587530
237587382
237587195
237587167
237587053
237585443
237585197
237584970
237584303
237583349
237583075
237582786
237582758
237582590
237582489
237582385
237582244
237582019
237582014
237581987
237581796
237581508
237581485
237581252
237581195
237580976
237580779
237580736
237580392
237580353
237580305
237580257
237580030
237579367
237578499
237578432
237578363
237578125
237577246
237576432
237576215
237576181
237575759
237575332
237574948
237574855
237574756
237574494
237573921
237573653
237573209
237572745
237572712
237572556
237572533
237572530
