237572341
237572131
237571278
237571210
237571127
237571058
237570932
237570485
237569577
237567582
237567186
237567073
237566790
237566722
237566634
237566489
237566219
237566207
237566152
237565204
237565196
237564847
237564745
237564739
237564703
237564634
237564133
237563937
237563900
237561235
237560747
237559506
237559446
237559337
237559168
237559060
237558995
237558880
237558752
237558751
237558670
237558522
237558105
237558004
237557703
237557128
237557092
237557087
237557037
237556169
237553752
237546303
237545819
237544478
237544357
237544106
237543972
237543618
237543387
237542825
237542618
237542017
237541434
237541156
237540620
237540263
237539714
237538986
237538793
237538751
237538570
237538536
237538441
237538427
237537426
237537366
237537363
237536807
237536626
237536573
237534966
237533932
237533896
237533806
237533377
237532993
237532324
237531868
237531818
237531398
237531245
237530983
237530962
237530896
237530849
237530745
237529943
237529239
237528872
237528575
