237654901
237654900
237654496
237654332
237654139
237653553
237653383
237652268
237651991
237651823
237651025
237650783
237649859
237649204
237648995
237648672
237648173
237647780
237646945
237644699
237642071
237641191
237641043
237640975
237640480
237639961
237639923
237639806
237639752
237639745
237639670
237639457
237639285
237638946
237638662
237638422
237638334
237637556
237637455
237637435
237637168
237636682
237636534
237635687
237634713
237634612
237634374
237634083
237633596
237633352
237632462
237632367
237631990
237631962
237631931
237631681
237631212
237630421
237630185
237630060
237629964
237629891
237628757
237628340
237628092
237627972
237626695
237625204
237625184
237624858
237624697
237624460
237624200
237623974
237623630
237623604
237623487
237623058
237622068
237622030
237621028
237620326
237620005
237619940
237619616
237619460
237619370
237617488
237617106
237616930
237616921
237616821
237616675
237616504
237616459
237616435
237616019
237615895
237614402
237614314
