237744001
237743998
237743370
237741900
237741823
237741741
237741598
237740050
237739249
237737871
237737839
237737305
237737238
237737148
237737132
237737048
237736955
237736840
237736680
237736656
237736590
237736515
237736440
237736319
237736253
237736114
237735501
237733964
237730768
237729693
237729539
237729512
237729096
237729047
237728919
237728863
237728857
237728525
237728462
237728423
237728401
237727926
237727909
237727342
237727334
237726964
237726424
237725516
237724141
237723968
237723051
237722032
237721515
237721500
237721174
237720968
237720646
237720642
237720474
237720439
237720433
237720359
237720212
237719985
237719934
237719882
237719162
237719157
237718555
237718176
237717626
237717589
237716147
237715405
237714148
237713576
237713339
237713259
237713079
237712753
237712722
237712635
237711822
237711712
237710517
237707293
237706399
237705187
237705171
237705131
237704087
237703961
237701454
237700863
237700438
237700178
237699701
237699547
237699095
237699005
