237695113
237694577
237694030
237692902
237692097
237692004
237691770
237691573
237691548
237691087
237690685
237690504
237690021
237689995
237689735
237688770
237688413
237687397
237687206
237687006
237686838
237686586
237686092
237685683
237685515
237685171
237685133
237684807
237684774
237684738
237684685
237684644
237684631
237684382
237684365
237683894
237683511
237683337
237683304
237683252
237683088
237682923
237682895
237682487
237681780
237681579
237681182
237681043
237679701
237678248
237678165
237676519
237676492
237676221
237675970
237675914
237675745
237675634
237675603
237674148
237674134
237673877
237673471
237672230
237671162
237669039
237668789
237668201
237668005
237667979
237667869
237667769
237667707
237667656
237667475
237667450
237667264
237667180
237667120
237667111
237666848
237666425
237666030
237665535
237664792
237663454
237663310
237661928
237661832
237661422
237660707
237660706
237660306
237659829
237659516
237659386
237659073
237659027
237657690
237657376
