237826496
237826237
237826228
237826202
237826184
237825986
237825608
237825557
237825267
237824622
237824284
237823566
237822717
237821772
237821671
237820980
237820643
237820440
237820361
237820337
237820240
237820042
237819804
237819705
237819167
237818984
237818852
237818251
237817756
237817751
237817601
237817564
237817563
237816841
237816641
237815832
237815153
237815098
237813691
237813643
237812486
237812342
237812294
237812059
237811945
237811922
237811716
237811620
237811527
237810992
237810931
237810704
237810416
237810170
237809484
237808364
237807743
237807509
237806921
237806655
237806523
237806098
237805872
237805863
237805852
237805637
237802263
237802172
237801594
237800409
237800130
237799486
237798777
237794905
237794174
237794161
237793948
237793420
237793030
237792431
237791468
237791114
237790911
237790281
237790192
237789101
237788942
237788587
237788456
237788399
237788156
237787815
237787775
237787375
237786954
237786770
237786472
237786327
237786200
237785864
