237785706
237785230
237785183
237784939
237784400
237783490
237783426
237782429
237782069
237781800
237781711
237781387
237781342
237781299
237781270
237781030
237780822
237780452
237780387
237780080
237780074
237779940
237779630
237779394
237779096
237778225
237777902
237776894
237775276
237775167
237774612
237773649
237773202
237773179
237772932
237772661
237772511
237772410
237771937
237771723
237771714
237771589
237771464
237771318
237771068
237770957
237770241
237769907
237769473
237768830
237768785
237768449
237768006
237767972
237766954
237766130
237766122
237765617
237765463
237765433
237764867
237764381
237764032
237763930
237763899
237763836
237763831
237763819
237763589
237763252
237762812
237762653
237762543
237762504
237762358
237761140
237759850
237759055
237758227
237758041
237757018
237756513
237755885
237754701
237752793
237750795
237750450
237750395
237749343
237747912
237747756
237746996
237746467
237746317
237746197
237745591
237745000
237744432
237744356
237744010
