237914516
237914414
237911680
237911082
237909755
237908445
237908230
237907401
237906511
237906097
237905919
237903671
237903082
237902654
237902265
237900876
237899286
237899229
237898537
237897921
237897567
237897488
237896841
237896813
237896252
237895993
237895782
237895757
237895506
237895277
237895197
237895148
237895079
237894442
237893977
237892386
237892194
237891993
237891854
237891794
237889858
237889435
237889294
237888904
237888824
237888734
237888686
237888587
237888280
237888163
237888044
237887754
237887644
237886705
237884380
237884225
237883580
237883383
237883163
237882127
237881633
237881585
237881545
237881432
237881241
237881130
237881065
237880945
237880796
237880665
237880601
237880334
237880090
237879492
237879445
237879392
237879372
237879371
237879215
237878662
237878613
237878557
237878101
237877852
237877053
237876968
237876634
237876576
237874804
237874523
237874346
237873909
237873264
237873234
237873216
237873062
237872960
237872828
237872707
237872699
