237872457
237872412
237872333
237871823
237871638
237871499
237871368
237871006
237870705
237870306
237868239
237867336
237866767
237866152
237865475
237865387
237865066
237865012
237864920
237864869
237864791
237864587
237864509
237864380
237863857
237863835
237863124
237863045
237859098
237853351
237852847
237851570
237850224
237849496
237848339
237846552
237845824
237845692
237844808
237844150
237844037
237843923
237843661
237843648
237843605
237843584
237843466
237843464
237843394
237843141
237842897
237842618
237842580
237842262
237841843
237841592
237839335
237838808
237838625
237838454
237837949
237837690
237837587
237837028
237836519
237836306
237836203
237836096
237835932
237835901
237835735
237835500
237835410
237834614
237834049
237834024
237833732
237832366
237831387
237830975
237830242
237829971
237829669
237829553
237829211
237829047
237828967
237828853
237828799
237828714
237828539
237828476
237828450
237828325
237827956
237827877
237827417
237827400
237826917
237826896
