237950676
237949516
237949478
237948470
237947537
237947264
237947009
237946931
237946848
237946650
237946492
237946488
237946431
237946403
237946372
237946077
237945854
237945673
237945623
237945603
237945250
237944773
237944586
237943166
237942787
237941944
237941678
237940511
237940146
237940006
237939965
237939945
237939784
237939776
237939638
237939478
237939000
237938480
237938093
237937785
237937742
237935830
237935728
237935134
237934764
237934476
237933072
237932878
237932799
237932506
237931832
237931806
237931791
237931732
237931614
237931600
237931241
237931210
237931118
237930825
237930607
237930521
237929444
237929344
237928509
237927996
237927938
237926684
237926423
237924321
237924316
237924137
237923995
237923887
237923873
237923716
237923435
237923214
237923108
237923066
237922885
237921974
237921703
237921375
237921209
237920194
237918764
237918698
237918564
237918061
237917494
237916833
237916330
237916221
237915970
237915822
237915811
237915778
237915681
237914929
