238072502
238071740
238071643
238071502
238071285
238071046
238070990
238070882
238070674
238070450
238070253
238070135
238069829
238069387
238068898
238067836
238066946
238065852
238065269
238064775
238064719
238064697
238064349
238064313
238064187
238063936
238063790
238063704
238063640
238063229
238063161
238063148
238063059
238062965
238062884
238062460
238062182
238062174
238062172
238061826
238060897
238058744
238057737
238056419
238051291
238051232
238050200
238043915
238041772
238041689
238040522
238040335
238039006
238038740
238037423
238035892
238033105
238029719
238027744
238026935
238026011
238024780
238023822
238020724
238019509
238018851
238018548
238018153
238017900
238012939
238011729
238011580
238011118
238009549
238006190
238004900
238004286
238000139
237999676
237999651
237999261
237998697
237998352
237998330
237997624
237997419
237996808
237996360
237994912
237994414
237993471
237993229
237992542
237992318
237991508
237991433
237991351
237991092
237991081
237991010
