237990968
237990872
237990391
237990061
237989979
237989611
237989034
237987857
237987543
237985832
237985338
237985041
237985026
237984747
237984489
237984425
237984394
237984279
237984143
237983830
237983446
237983182
237983052
237982904
237982742
237982696
237982523
237982502
237982460
237982119
237979710
237979474
237978737
237978676
237978476
237977413
237977066
237977002
237976928
237976790
237976501
237976474
237976111
237976017
237975789
237975775
237975706
237975685
237975668
237975591
237975583
237975526
237974934
237974854
237974391
237974186
237974057
237973713
237973349
237973261
237973036
237972689
237972227
237971708
237971476
237971375
237970308
237969890
237968726
237968384
237968249
237967969
237967861
237967587
237967500
237967485
237967443
237967145
237967138
237967060
237963280
237963037
237962883
237962542
237962433
237961564
237959347
237958808
237957357
237957022
237956695
237955013
237954847
237953958
237953582
237952949
237952862
237952695
237951989
237950952
