238116327
238116275
238116034
238116026
238115960
238115607
238115300
238111098
238109965
238109238
238107183
238106418
238105378
238103737
238102831
238102387
238102092
238102035
238101694
238101244
238100932
238100488
238099773
238099664
238099602
238099330
238099245
238099113
238098806
238096942
238096860
238094497
238094480
238094225
238093760
238093514
238093459
238093458
238093231
238092596
238092540
238092480
238092314
238092297
238090983
238090351
238090213
238089641
238089223
238088241
238088191
238087959
238087840
238087024
238086714
238086702
238086612
238086549
238086219
238086218
238086180
238085840
238085762
238085691
238085395
238085329
238085280
238085122
238083602
238083108
238082349
238082174
238081648
238081010
238080486
238080251
238079939
238079889
238079832
238079375
238079304
238079204
238079163
238079092
238078967
238078820
238078729
238078652
238078189
238078173
238078105
238077087
238075540
238074807
238074756
238074333
238073636
238073452
238072896
238072661
