238195446
238195401
238195302
238195300
238195253
238194820
238194317
238194246
238193044
238192622
238192328
238192261
238192251
238192192
238191943
238191652
238191600
238191371
238191325
238191051
238191024
238190924
238190816
238190804
238190587
238190377
238190128
238189959
238189412
238189255
238188757
238188389
238187402
238187280
238186723
238185763
238185136
238185066
238184671
238184556
238184524
238184521
238183848
238183422
238183323
238182875
238182529
238182237
238182087
238181763
238181739
238181554
238181351
238181274
238181171
238180867
238180732
238180015
238179943
238179090
238177607
238177422
238177204
238177178
238176826
238176772
238176069
238175483
238175052
238174377
238173654
238173489
238173044
238172852
238172586
238172138
238172055
238171845
238170223
238170163
238169975
238169719
238167891
238167002
238166938
238166802
238166670
238166635
238166529
238165981
238165810
238165778
238165225
238164325
238163309
238163037
238162987
238162953
238162788
238162362
