238235891
238235876
238235851
238235658
238235656
238235066
238234580
238234521
238227697
238227531
238227136
238226494
238226373
238226002
238224902
238224581
238224070
238223652
238223635
238223624
238223315
238222094
238222072
238220662
238220641
238220616
238219751
238219068
238219043
238218036
238216773
238216611
238216558
238216477
238215345
238214835
238213901
238213407
238212714
238211603
238210723
238210580
238210108
238209796
238209570
238209494
238209447
238209347
238208927
238208746
238208472
238208268
238207753
238207748
238207740
238207650
238207153
238207152
238206313
238206123
238206068
238205570
238205257
238205225
238205151
238205127
238205007
238204759
238204424
238204075
238203998
238203920
238203633
238202886
238202723
238202634
238202199
238202048
238201960
238201931
238201894
238201545
238201384
238201315
238201186
238201113
238200750
238200574
238199750
238199615
238199536
238199271
238198948
238198804
238198450
238198372
238198325
238196189
238196075
238195636
