238159937
238159745
238158259
238158138
238157997
238155674
238155665
238155657
238155647
238154703
238153428
238152523
238151025
238151005
238150773
238150320
238150304
238149931
238149786
238149619
238149368
238148691
238148247
238147455
238146612
238145154
238144773
238143754
238143239
238143128
238143053
238142936
238142416
238142340
238142292
238141862
238141776
238141672
238141584
238141311
238141269
238141227
238140957
238140948
238140814
238140075
238139791
238139730
238139600
238139340
238139316
238136672
238136600
238136313
238136024
238135910
238133872
238133654
238133621
238133283
238133162
238133128
238132944
238132884
238132851
238132841
238132835
238132768
238132761
238132510
238131495
238130965
238130918
238128322
238125326
238125157
238125151
238124920
238124739
238124661
238124308
238124284
238124178
238124160
238124151
238124017
238123577
238123431
238123409
238122672
238122632
238122398
238120764
238118657
238117977
238117844
238117688
238116819
238116574
238116428
