238275322
238275176
238274710
238274675
238273513
238273485
238272282
238271556
238270992
238270544
238270502
238270302
238270276
238270196
238270038
238269995
238268600
238268596
238268270
238268224
238267943
238267852
238266289
238266279
238265320
238264146
238264124
238264041
238263957
238263757
238263723
238263704
238263197
238262720
238262557
238262537
238262079
238261703
238261570
238261539
238261263
238260945
238260649
238260643
238260529
238260436
238260167
238259638
238259342
238259196
238258972
238258969
238258596
238258201
238256453
238255700
238255676
238254829
238253621
238253318
238253097
238252062
238251731
238251659
238251620
238251573
238251427
238250948
238250816
238249843
238249559
238249186
238248839
238248732
238247460
238246509
238246088
238245585
238243854
238243806
238243780
238242866
238242643
238242145
238241902
238241572
238241489
238241411
238241194
238240101
238239989
238239758
238239266
238239100
238238998
238238820
238238119
238237912
238237883
238235956
