238307237
238307144
238307118
238306701
238306682
238306523
238306301
238306294
238305902
238305693
238305685
238305629
238305597
238305298
238305280
238304851
238304749
238304605
238304552
238304522
238304446
238304337
238304239
238304194
238304028
238304020
238304001
238303814
238303688
238303555
238303504
238303489
238303292
238303277
238303209
238303173
238303117
238303059
238302995
238302837
238302813
238302747
238302685
238302653
238302466
238302394
238302287
238302064
238301890
238301654
238301554
238300832
238300773
238300614
238300506
238300282
238299964
238299852
238299313
238299135
238299053
238298839
238297693
238297512
238297081
238296948
238296094
238296035
238295618
238295583
238295043
238294941
238294802
238294503
238294184
238294160
238294115
238294026
238293952
238293631
238293379
238293050
238292638
238292579
238292411
238292353
238290642
238290435
238289290
238287797
238287538
238287383
238285624
238285388
238285049
238284929
238281636
238280711
238279846
238278871
