238332180
238332155
238331962
238331787
238331446
238330493
238330456
238330323
238330193
238330062
238329681
238329671
238328985
238328703
238328579
238328441
238328142
238328044
238327793
238327731
238327690
238327652
238327561
238327490
238327383
238327342
238327166
238327103
238327056
238326968
238326702
238325400
238324866
238324523
238324437
238324406
238324192
238324063
238324035
238323735
238323041
238322926
238322791
238322171
238322144
238322112
238321789
238321730
238321279
238320997
238320957
238320845
238320645
238320559
238320296
238320040
238319555
238319501
238319361
238319240
238319235
238318915
238318735
238318725
238318711
238317746
238317278
238317014
238316164
238314998
238314562
238314379
238314299
238314002
238313696
238313645
238313448
238313264
238313251
238312821
238312761
238312675
238312583
238312561
238312179
238311807
238311801
238311409
238311051
238310797
238310466
238310040
238309812
238309451
238309199
238309102
238308452
238307406
238307341
238307240
