238404153
238403629
238403380
238403093
238402470
238402435
238401937
238401000
238400151
238398607
238395684
238395541
238395449
238394775
238393779
238392678
238391978
238391532
238390872
238390759
238390525
238390351
238389686
238389545
238389498
238389204
238388613
238387261
238387032
238386873
238386863
238386850
238386382
238386334
238386210
238386190
238386032
238385636
238385456
238384684
238384468
238384431
238383926
238383791
238382074
238381909
238381008
238380854
238380653
238380480
238380466
238380459
238380262
238380166
238378681
238378556
238378490
238378334
238378306
238378120
238377905
238377815
238377705
238377368
238377214
238377053
238376856
238376596
238375831
238375524
238375401
238375037
238374949
238374671
238373767
238373302
238372593
238372358
238371907
238371813
238371803
238371185
238371074
238370841
238370375
238370361
238370185
238370009
238369970
238369853
238369848
238369835
238369799
238369355
238369299
238369240
238369225
238369053
238368619
238368567
