238368551
238368423
238368413
238368293
238367940
238367769
238367606
238367367
238367086
238366873
238366506
238365567
238365465
238365340
238364988
238364485
238364439
238364225
238363720
238363689
238363543
238363474
238363011
238362584
238362393
238361906
238361836
238361566
238361337
238361236
238360932
238360856
238360693
238360512
238360170
238359997
238359973
238359816
238359605
238359397
238359288
238359227
238359135
238359106
238358956
238358238
238358183
238356760
238356464
238356419
238355458
238355418
238355306
238355260
238354790
238354542
238354471
238353637
238353364
238353021
238352794
238352570
238352563
238352542
238351551
238351105
238350750
238350689
238350527
238350461
238350297
238350261
238350259
238350256
238350166
238349953
238349033
238348997
238348597
238347185
238346993
238346733
238346652
238344302
238343607
238343219
238340230
238339498
238339344
238338484
238338213
238337862
238337192
238337021
238337012
238334206
238334045
238333973
238333778
238332256
