238435306
238435260
238435155
238435102
238434763
238434595
238434344
238434300
238434065
238433638
238433150
238433134
238433105
238433094
238432909
238432732
238431676
238431401
238431123
238429870
238429858
238429307
238429294
238428527
238428274
238427937
238427673
238427264
238427072
238426988
238426734
238426730
238426672
238426631
238426475
238426402
238426351
238426107
238426056
238425627
238425522
238425472
238425155
238425092
238425010
238424655
238423139
238421943
238421896
238421862
238421715
238420789
238420707
238420285
238419977
238418203
238418198
238417994
238417672
238417598
238417507
238417338
238416865
238416801
238416414
238416325
238416167
238415572
238415385
238415179
238414327
238413615
238413308
238413225
238413163
238412909
238412518
238412222
238411989
238411720
238411156
238410937
238410133
238409885
238409687
238409417
238409341
238409328
238409053
238408759
238408554
238408468
238408146
238407926
238407807
238407454
238406341
238405945
238405021
238404295
