238506400
238505403
238505280
238505247
238504060
238503813
238503694
238503537
238503273
238503098
238502925
238502310
238502297
238501659
238501493
238501450
238501315
238500407
238499945
238498682
238498652
238498503
238497727
238497679
238497467
238496394
238495678
238495675
238495556
238495366
238495219
238494971
238494899
238494808
238494630
238494611
238494540
238494522
238493930
238493790
238493772
238493679
238493457
238493326
238493232
238492302
238492058
238491943
238491669
238490764
238490733
238490178
238489671
238489583
238489065
238488818
238488801
238487616
238487287
238486625
238486429
238486228
238486059
238485884
238485736
238485645
238485586
238485547
238485520
238485161
238485124
238484700
238484095
238483994
238483909
238483806
238483638
238483571
238483123
238483074
238482937
238482670
238481050
238480771
238480433
238479984
238479279
238479266
238479259
238478617
238478019
238477916
238477857
238477360
238477345
238476971
238476805
238476792
238476676
238476644
