238476460
238476388
238476156
238476120
238476092
238475997
238475674
238475578
238475524
238475502
238475198
238474850
238474216
238474124
238472064
238471759
238471197
238471108
238470555
238470514
238469462
238468841
238468572
238468571
238468549
238468025
238467957
238467856
238467726
238467575
238467051
238466779
238465870
238464254
238463867
238462975
238462958
238461591
238461454
238461448
238461113
238460932
238460930
238459791
238459392
238459260
238459230
238459134
238458990
238458213
238457991
238454695
238453908
238453346
238452857
238452050
238450992
238450695
238450350
238449968
238447840
238447568
238445404
238444881
238444633
238444554
238444499
238444414
238444396
238444297
238443868
238443831
238443775
238443423
238442923
238442838
238442195
238442116
238441990
238441929
238441890
238441665
238441607
238441442
238441111
238440609
238439936
238439268
238439029
238438683
238438577
238438402
238438251
238438221
238437652
238436682
238436363
238436225
238435800
238435370
