238549831
238549657
238549346
238549314
238549204
238549037
238548926
238548897
238548848
238548774
238548765
238548731
238548615
238548359
238547830
238547431
238547362
238547237
238547019
238546901
238546629
238546479
238546425
238545871
238545411
238545398
238544915
238544798
238544474
238543167
238542681
238542565
238542473
238541615
238541502
238541123
238541087
238540929
238540724
238540683
238540645
238540540
238540523
238540275
238540139
238540138
238540085
238540051
238539364
238539285
238539226
238538990
238536907
238536479
238536096
238535379
238534671
238534650
238533723
238533036
238533022
238533015
238533010
238532926
238532552
238532462
238532107
238532015
238531206
238531027
238530793
238530044
238528215
238527817
238524737
238521500
238521469
238521294
238520991
238520298
238520248
238518792
238517564
238517462
238516787
238516580
238515171
238514871
238512268
238511751
238511089
238509798
238509208
238509095
238508091
238507910
238507865
238507720
238506878
238506511
