238592152
238592063
238591994
238591113
238591014
238590587
238590374
238590190
238589989
238589908
238589026
238587878
238587694
238587190
238587021
238586688
238586240
238586224
238586184
238586154
238586018
238585623
238585576
238585270
238584802
238584773
238584345
238584203
238584014
238583963
238583697
238583451
238583294
238583274
238583057
238582768
238582563
238582532
238582369
238582207
238582132
238581741
238581440
238581038
238580848
238578333
238576668
238576526
238575117
238574799
238574793
238574504
238574248
238573762
238573568
238572849
238572266
238570384
238569816
238568152
238566833
238564939
238564122
238563781
238562919
238561244
238561127
238560950
238560852
238560768
238559763
238558778
238558743
238558676
238558632
238558394
238558173
238558048
238557860
238557826
238557794
238557772
238557724
238557610
238557539
238557442
238556087
238556046
238555710
238555604
238555530
238555335
238554144
238553347
238551918
238551907
238551771
238551488
238550095
238550005
