238620210
238620084
238619269
238619029
238618945
238618707
238618535
238618414
238618362
238618319
238618192
238618189
238617978
238617958
238617832
238616243
238615921
238615816
238615610
238615025
238615015
238614953
238614697
238614681
238613913
238613422
238613387
238612511
238612480
238612417
238611866
238611783
238611756
238611742
238611410
238611202
238611193
238611033
238610707
238610586
238610522
238610406
238609300
238608561
238608218
238607999
238606760
238606265
238606178
238606092
238606054
238605863
238605747
238605557
238605484
238605362
238604377
238604373
238603242
238603219
238603033
238602882
238602789
238602671
238602608
238602426
238602378
238602359
238602325
238601782
238601697
238601653
238601085
238600967
238600812
238600734
238600528
238600421
238600067
238599977
238599906
238599781
238599687
238599410
238599135
238598699
238597332
238596406
238595959
238595434
238595188
238594909
238594162
238593553
238593069
238592889
238592545
238592503
238592480
238592403
