238697991
238697340
238696772
238696104
238696089
238694893
238694213
238693969
238693777
238692829
238692646
238692531
238692210
238691893
238690873
238690796
238690034
238689829
238689513
238687619
238687107
238686658
238686539
238686340
238686200
238686041
238685982
238685712
238685502
238685093
238684807
238684567
238684510
238684441
238684338
238684244
238683939
238683448
238682764
238682709
238682225
238682180
238682119
238682104
238681811
238680544
238679800
238679614
238678370
238678178
238678097
238677884
238677761
238677206
238676819
238676702
238676505
238676422
238676389
238676327
238676254
238676027
238675818
238675751
238675698
238675639
238675310
238675200
238674613
238674519
238674428
238673154
238672826
238672574
238672412
238672075
238670112
238669593
238669540
238668914
238668816
238668709
238668552
238668385
238668022
238667556
238666242
238666152
238666136
238666129
238665904
238665572
238665519
238665286
238664178
238663260
238663130
238663087
238663057
238662987
