238662714
238662191
238661880
238661603
238661396
238660912
238660070
238659744
238659152
238658072
238657963
238657503
238657478
238657366
238656648
238656565
238656401
238656023
238655826
238655812
238655015
238654411
238654204
238654143
238653769
238652855
238651448
238649988
238649487
238649149
238648895
238648682
238648506
238648154
238648130
238647959
238647552
238647400
238647376
238647197
238647139
238647042
238647020
238646721
238645393
238645241
238645198
238644913
238644834
238643956
238642957
238642081
238642009
238641814
238641638
238641452
238638293
238637925
238637567
238637394
238637268
238636578
238636504
238636084
238635971
238635582
238633705
238632411
238631934
238631756
238631069
238629358
238629276
238628641
238628184
238628097
238627847
238625873
238625754
238625146
238625108
238625070
238624979
238624083
238623879
238623347
238623079
238622949
238622836
238622652
238622156
238621981
238621955
238621826
238621611
238621587
238621363
238620877
238620741
238620663
