238830790
238830557
238830519
238830223
238830040
238828345
238826766
238826373
238825921
238824301
238822683
238822599
238822242
238821892
238820831
238820629
238819896
238819836
238819803
238819415
238819378
238819015
238819006
238818736
238817895
238817783
238814918
238814294
238814080
238812998
238812918
238812681
238812160
238811814
238811536
238811385
238811249
238810896
238810680
238810679
238810333
238810329
238810288
238810037
238809955
238809302
238809218
238809094
238809052
238808757
238808599
238808094
238808012
238807932
238807904
238807830
238806592
238806364
238804752
238804487
238804270
238803518
238803461
238803408
238803203
238803038
238802861
238802817
238802748
238802687
238802580
238802444
238802292
238802126
238802114
238801873
238801861
238801658
238801478
238801432
238801246
238801240
238800778
238800560
238799808
238799701
238799153
238799102
238798738
238798446
238798391
238797259
238796526
238796357
238796302
238796096
238795945
238795896
238795479
238794932
