238728383
238728360
238728243
238728228
238727986
238727597
238727309
238726974
238726883
238726875
238726825
238726759
238726727
238726725
238726715
238726629
238726554
238726481
238726355
238726260
238726239
238725322
238725114
238724679
238724483
238724432
238724391
238724126
238723986
238723039
238722941
238722396
238721414
238720541
238720421
238720363
238720247
238719841
238719720
238719643
238719589
238719588
238719316
238718928
238718304
238717935
238717810
238717474
238717278
238716883
238716822
238715991
238714957
238714874
238714578
238714384
238713766
238713734
238713411
238712727
238712430
238712156
238712109
238711757
238711508
238711468
238710996
238710866
238710602
238710453
238710264
238710206
238710145
238709504
238709469
238709290
238709260
238709151
238709078
238709041
238708863
238708739
238708308
238708297
238707379
238707296
238707177
238703656
238702667
238702129
238702045
238701957
238701722
238701550
238701461
238701381
238701343
238701303
238700420
238700410
