238794806
238794560
238794075
238793862
238793392
238793221
238793122
238793078
238792616
238792491
238792410
238792057
238792006
238791840
238791010
238790699
238790499
238789956
238789641
238789467
238789334
238788997
238788625
238788408
238787955
238787922
238787799
238787675
238787066
238787000
238786412
238786387
238786314
238786044
238785550
238785528
238785512
238785282
238784777
238784545
238784426
238784200
238783927
238783647
238783556
238783207
238783149
238783110
238783013
238782922
238782721
238782493
238782433
238782255
238782203
238781988
238781793
238781484
238780837
238780752
238780692
238780047
238779940
238779650
238777877
238777119
238776842
238774681
238773962
238773764
238773553
238771891
238771316
238770968
238769784
238769005
238768966
238768360
238768340
238768329
238768316
238767575
238767017
238766958
238766604
238766177
238765983
238765777
238765221
238764176
238764157
238763993
238763244
238763103
238760522
238760022
238759629
238757511
238757302
238756810
