238756758
238756084
238755862
238755751
238755350
238755258
238755243
238755228
238755213
238755084
238754776
238754769
238754547
238752981
238752492
238752202
238751273
238751188
238750754
238750497
238749211
238749173
238748985
238748843
238748553
238748410
238748372
238748193
238747873
238747837
238747833
238747790
238747664
238747494
238747215
238746240
238746235
238746226
238745958
238745787
238744966
238744587
238743241
238742088
238741935
238741151
238740749
238740341
238740097
238739968
238739746
238739676
238739581
238739460
238739458
238739416
238739364
238739097
238738991
238738851
238738278
238738164
238737289
238736400
238736134
238736037
238734935
238734831
238734163
238733544
238733461
238732784
238732479
238732274
238732262
238731597
238731475
238730992
238730620
238730570
238730508
238730437
238730338
238730214
238730114
238730039
238729857
238729819
238729778
238729749
238729704
238729442
238729384
238729139
238729108
238729106
238728983
238728941
238728649
238728515
