238879343
238879134
238878489
238878122
238877760
238877186
238877026
238876981
238876410
238876406
238876343
238875440
238875281
238875214
238875199
238875022
238875011
238874964
238874919
238874287
238873947
238873359
238873132
238873018
238872527
238872146
238870997
238870388
238869401
238869382
238869139
238869054
238868801
238868718
238868580
238868363
238867253
238866765
238866692
238866225
238866099
238866059
238865578
238865420
238865376
238865255
238865233
238864956
238864722
238864646
238864465
238864454
238864406
238864374
238864071
238863953
238863505
238863459
238863382
238863353
238863167
238862794
238862688
238862414
238862341
238862268
238862266
238862145
238862066
238862042
238861923
238860581
238859795
238859473
238858962
238857791
238856954
238856735
238856726
238856289
238856118
238855951
238855934
238855810
238855677
238855649
238855577
238855527
238855510
238855496
238855201
238855196
238854627
238854207
238854168
238853859
238853392
238853327
238853281
238853262
