238921298
238921247
238921223
238921210
238920036
238919884
238918802
238918621
238917861
238917730
238917093
238917081
238917019
238915800
238914984
238913983
238913818
238913555
238913482
238913386
238913180
238913161
238913092
238912475
238912440
238912327
238912290
238912268
238912193
238912158
238912062
238911894
238911652
238911641
238911184
238910883
238910500
238910099
238909013
238908812
238908780
238908274
238907654
238907490
238907261
238906366
238905468
238905249
238905170
238905061
238904826
238904823
238903796
238903704
238903317
238903022
238903009
238902981
238902566
238902384
238901896
238901696
238901482
238901000
238900957
238900198
238900126
238899930
238899254
238899177
238896814
238895062
238894917
238894860
238892798
238892716
238892538
238892183
238892052
238890794
238890767
238888727
238888309
238887602
238886741
238886092
238885727
238885417
238885155
238883890
238883592
238882299
238882127
238881830
238881723
238881653
238881563
238880930
238880895
238880329
