238853018
238852964
238852772
238852757
238852729
238852516
238852480
238849896
238849834
238849798
238849528
238849444
238849052
238848866
238848748
238848331
238847502
238847333
238847087
238846636
238846567
238846554
238846524
238846503
238846430
238846348
238846325
238846286
238845905
238845723
238845639
238845486
238845455
238845297
238845005
238844872
238844856
238844783
238844491
238843861
238843829
238843819
238843444
238843385
238843313
238843263
238843235
238843213
238843170
238843020
238842118
238842033
238841421
238841392
238841144
238841005
238840807
238840606
238840368
238839790
238839663
238839328
238838548
238838382
238838041
238837810
238837788
238837699
238837473
238837442
238837338
238837136
238837108
238837073
238836899
238836696
238836691
238836652
238836387
238836019
238835916
238835895
238835854
238835835
238835806
238835557
238835371
238835335
238835323
238834968
238834872
238834492
238834405
238834377
238834314
238834281
238834179
238834067
238833830
238833701
