239029997
239029977
239029883
239029772
239029580
239028946
239028600
239027918
239027724
239024290
239024220
239024061
239023890
239023042
239022676
239020497
239019200
239016810
239016667
239016623
239016343
239016229
239016083
239015956
239013887
239012809
239012502
239010850
239010818
239010336
239010137
239009548
239007385
239007044
239006673
239004692
239004590
239004539
239004241
239004116
239003940
239003923
239003844
239003731
239003716
239003485
239003281
239003244
239003157
239003156
239003146
239002934
239002535
239001968
239000925
239000917
239000202
238999905
238999185
238998418
238998045
238997903
238997430
238997392
238997255
238997093
238996951
238996922
238996785
238996777
238996412
238996188
238995836
238995652
238995577
238995440
238995309
238994942
238994864
238994841
238994493
238994366
238994247
238994124
238994102
238993854
238993748
238993551
238993345
238992804
238992769
238992319
238991735
238990987
238990564
238988555
238988442
238987857
238987544
238987363
