238951797
238951749
238950740
238950420
238949749
238949458
238949240
238948222
238947189
238947033
238946842
238946664
238945787
238945411
238945342
238945042
238944045
238943336
238943301
238943198
238943099
238942634
238942184
238942173
238942159
238942147
238941809
238941756
238941457
238941318
238941253
238940913
238940908
238940818
238940634
238940527
238940348
238940293
238940256
238939877
238939774
238939711
238939435
238938814
238938757
238938650
238938351
238938276
238938249
238936394
238935075
238933855
238933398
238933138
238932718
238932439
238931978
238931910
238931869
238931720
238931698
238931438
238931302
238931300
238931058
238930976
238930885
238930789
238930671
238930643
238930270
238930103
238929974
238929968
238929357
238929030
238928281
238928278
238927728
238927323
238926303
238925379
238925310
238925277
238925259
238924995
238923934
238923743
238923401
238923056
238922975
238922540
238922158
238922112
238921892
238921880
238921799
238921680
238921598
238921590
