238987264
238987136
238986818
238986630
238986484
238986358
238986090
238986045
238985952
238985563
238985507
238985464
238985388
238985276
238984990
238984962
238984882
238984759
238984688
238984454
238983728
238983537
238983493
238983449
238983202
238983175
238982939
238982270
238979753
238979716
238979567
238978958
238978186
238978148
238977358
238977272
238977144
238977037
238977029
238976931
238976579
238976393
238976286
238976123
238975959
238975853
238975727
238975549
238975488
238975288
238975283
238975278
238975146
238975108
238974193
238973519
238973385
238970721
238970543
238970495
238968816
238968243
238967652
238966956
238966838
238966752
238966749
238966667
238966647
238966604
238966575
238966481
238966365
238966275
238966260
238965675
238965566
238965140
238964912
238964485
238964429
238964415
238963911
238963905
238962171
238961417
238960811
238960041
238959217
238959150
238958938
238958560
238958543
238957859
238957371
238956605
238956151
238956065
238953155
238952497
