239073135
239070933
239070919
239068467
239068139
239067904
239067255
239066150
239065148
239064927
239063071
239062711
239062214
239062151
239062018
239061262
239060471
239060261
239060037
239059890
239059209
239058815
239057970
239057829
239057788
239057310
239056480
239056474
239056446
239055024
239054414
239053602
239052429
239052368
239051141
239050902
239050772
239050440
239050355
239050332
239050222
239049827
239049822
239049782
239049684
239049647
239049490
239049243
239049165
239048828
239048820
239047625
239047133
239046908
239046681
239046512
239046491
239046306
239045133
239044568
239044426
239043885
239043277
239041793
239041724
239041405
239040776
239040751
239040543
239040462
239040314
239039960
239039909
239039728
239039330
239038971
239038954
239038910
239038627
239038614
239038609
239037883
239037303
239037292
239036555
239035366
239034167
239034059
239033185
239032715
239032412
239032151
239032068
239031348
239031333
239031145
239031018
239030900
239030484
239030442
