239128588
239128580
239127387
239127304
239127201
239126872
239126751
239126635
239126430
239125818
239125808
239123578
239123562
239123274
239123126
239121744
239120422
239120169
239119871
239119612
239118815
239118760
239118404
239118090
239117588
239117398
239117305
239117298
239116864
239116733
239116725
239116695
239116603
239116238
239116158
239116135
239115982
239115621
239115269
239115009
239113852
239113726
239112475
239111576
239110816
239110806
239110761
239109571
239108131
239108113
239107710
239107521
239107482
239107229
239106700
239106584
239106044
239105682
239105510
239103479
239103368
239103309
239103263
239101924
239101350
239101143
239099791
239099748
239099421
239097826
239097541
239097278
239097262
239097142
239096918
239096657
239096517
239096465
239096068
239095952
239094994
239094413
239094351
239093305
239092180
239091029
239090617
239089039
239086244
239086163
239085493
239085120
239081920
239081144
239081120
239077328
239076435
239074655
239074468
239074149
