239177277
239175890
239175307
239174471
239173128
239172861
239172593
239172429
239172379
239172356
239171746
239170844
239170729
239170588
239170345
239170121
239169913
239169732
239169158
239168023
239167870
239167764
239167411
239167165
239166909
239166757
239166626
239166483
239166348
239166277
239165767
239165750
239165490
239165156
239164944
239164793
239164670
239163990
239163830
239163770
239163024
239162860
239162621
239162435
239162214
239162177
239162169
239160318
239160105
239159849
239159650
239158108
239156735
239155489
239155437
239155330
239154656
239154642
239152032
239151855
239151716
239151621
239147443
239147391
239146898
239145709
239142979
239139824
239139713
239139560
239139363
239137615
239137597
239137204
239137043
239136733
239136638
239136210
239136020
239136002
239135671
239135507
239135242
239135179
239134656
239134615
239134422
239134402
239134294
239134259
239133757
239133408
239133129
239130388
239130268
239130249
239130169
239129907
239129805
239128893
