239224214
239223705
239222951
239221191
239220807
239219547
239219545
239219500
239218891
239218213
239218109
239217290
239216719
239216124
239215480
239215019
239214498
239213283
239212817
239212324
239211700
239211067
239210598
239209876
239209409
239208214
239207191
239207104
239205365
239205161
239204984
239202664
239202602
239202381
239201948
239201450
239201179
239201144
239200591
239200124
239199074
239198670
239198422
239198267
239198196
239197712
239197064
239195049
239194337
239194260
239192919
239192681
239192555
239192394
239192299
239192212
239191977
239191695
239191468
239191459
239191229
239191208
239191113
239190603
239190371
239190321
239190060
239189915
239188588
239188188
239187775
239186560
239185822
239185672
239185468
239185033
239184470
239184254
239183440
239182914
239182751
239182558
239182255
239182149
239182023
239181546
239181371
239181340
239181274
239181182
239181123
239180897
239180888
239180612
239180311
239179807
239179649
239179227
239178837
239178704
