239324345
239323874
239323339
239323256
239323115
239322692
239322325
239322283
239321890
239321518
239321355
239321139
239320984
239320927
239320910
239320708
239320634
239320425
239320374
239320327
239320150
239320098
239319622
239319497
239319460
239319296
239319209
239319181
239319143
239318919
239318846
239318752
239318507
239318301
239318181
239317947
239316317
239316201
239315952
239315327
239315259
239315043
239314079
239313639
239312840
239311226
239311113
239310520
239310496
239310310
239310248
239310202
239309950
239309836
239309684
239308108
239308066
239307053
239307027
239306879
239305756
239305482
239304416
239304362
239304175
239303193
239302502
239301784
239301569
239301492
239301434
239301303
239301198
239301196
239301190
239300983
239300259
239300247
239300228
239299783
239299734
239299674
239298181
239297364
239297104
239296468
239296446
239296327
239296092
239295966
239295779
239295303
239294534
239293589
239292709
239291805
239291305
239290891
239290734
239290053
