239248613
239248310
239248269
239248136
239248130
239247959
239246850
239246777
239246752
239246675
239246579
239246188
239245949
239245862
239245756
239245123
239244966
239244761
239244703
239244603
239244480
239244096
239244012
239243940
239243514
239243507
239243487
239243345
239243301
239243202
239243094
239243052
239243016
239242767
239241942
239241737
239241049
239241011
239240690
239239706
239239460
239239303
239238994
239238784
239238579
239237442
239237439
239237283
239237120
239237108
239236986
239236732
239236662
239236596
239236409
239236259
239235996
239235769
239235334
239235056
239234711
239234523
239233592
239233367
239233190
239232896
239230607
239230425
239230312
239230274
239229419
239229342
239229110
239229047
239228423
239228342
239228139
239228114
239227824
239227192
239227129
239226984
239226893
239226820
239226775
239226558
239226457
239226345
239226227
239225925
239225878
239225788
239225622
239225339
239225142
239224653
239224633
239224582
239224377
239224332
