239289923
239289708
239289655
239289405
239289193
239289164
239289126
239288498
239288129
239288121
239287878
239287069
239287035
239286909
239286712
239286702
239286667
239285507
239284415
239283604
239282147
239282142
239279666
239278627
239277976
239275405
239274931
239273846
239271719
239271512
239269753
239269642
239269135
239268425
239268290
239267461
239267133
239266922
239266473
239265968
239265732
239265509
239265408
239265339
239265180
239264978
239264818
239264384
239264287
239263836
239263703
239263376
239263045
239262181
239262010
239261591
239261287
239259975
239259947
239259681
239259430
239259429
239259337
239258611
239258567
239258503
239258210
239257423
239257351
239257272
239256333
239256302
239256171
239256025
239255828
239255656
239255187
239255111
239254609
239254509
239254388
239254271
239254196
239253542
239253172
239253156
239252866
239252749
239252647
239252586
239252584
239252235
239252152
239251935
239251870
239250398
239250389
239249743
239248940
239248796
