239349652
239349074
239348546
239348392
239348146
239347533
239347510
239346710
239346449
239346216
239346139
239345851
239345576
239345521
239345347
239344902
239344438
239344182
239344147
239343558
239343309
239342201
239342125
239341711
239340184
239340045
239339993
239339663
239339161
239339125
239337130
239336665
239336630
239336573
239336552
239336529
239336398
239336255
239335887
239335580
239335434
239335377
239335351
239335127
239335092
239334926
239334857
239334207
239333969
239333882
239333425
239333236
239333144
239332784
239332340
239332210
239332078
239331868
239330608
239330607
239330291
239330064
239329807
239329789
239329709
239329607
239329577
239329575
239329465
239329413
239329027
239328966
239328964
239328777
239328721
239328673
239328618
239328388
239328327
239328242
239328040
239328003
239327969
239327954
239327933
239327921
239327919
239327825
239327608
239327529
239327458
239327282
239327256
239327032
239326873
239326716
239326099
239325323
239324988
239324450
