239423235
239423221
239422795
239421914
239421263
239421087
239420969
239420153
239419601
239419592
239419503
239419476
239418649
239418271
239417660
239417539
239416363
239416356
239415813
239415566
239415489
239415047
239414968
239414927
239414734
239413721
239413576
239413049
239413026
239412785
239412395
239410215
239409774
239409597
239409527
239409523
239408947
239408199
239407434
239405606
239404699
239403747
239403566
239403011
239402562
239401820
239401215
239400357
239399930
239398891
239397050
239397030
239396298
239395561
239395380
239395200
239395001
239394548
239394426
239394090
239393602
239393374
239393186
239392398
239392280
239392252
239392196
239391893
239391744
239391719
239391709
239391387
239390737
239390580
239390492
239390189
239389800
239389607
239389448
239389314
239388670
239387277
239387274
239387126
239386990
239386723
239386650
239386307
239385888
239385629
239384627
239384332
239383968
239383858
239383853
239383632
239383425
239383345
239382994
239382385
