239382078
239381901
239381732
239381580
239381568
239381404
239381128
239381003
239380752
239379586
239379348
239377833
239376788
239376536
239375968
239375004
239374929
239374664
239374578
239372021
239371275
239370919
239370717
239370703
239370556
239370534
239370520
239370419
239370351
239370236
239369881
239369856
239369778
239369746
239369719
239369562
239368902
239368835
239368550
239368329
239367893
239367589
239366724
239366672
239366658
239366120
239365561
239364954
239364666
239364435
239364161
239364081
239364009
239363901
239363428
239363385
239363072
239363063
239362147
239361987
239361942
239361687
239361456
239361454
239361394
239361286
239361254
239360946
239360816
239360767
239360609
239359054
239359005
239358953
239356858
239356742
239356419
239356370
239355950
239355902
239355322
239354225
239354126
239353894
239353584
239353561
239353478
239353429
239353263
239353145
239353026
239352895
239352885
239352692
239352670
239351970
239351451
239350990
239350693
239350652
