239498006
239497692
239497294
239496591
239496536
239496504
239496487
239496018
239495442
239495351
239495303
239495065
239493549
239492307
239490352
239490298
239489611
239489435
239489102
239488483
239487706
239487681
239487247
239487246
239487244
239486987
239486750
239486568
239486522
239486469
239486249
239486082
239485109
239485052
239484472
239484113
239484051
239483948
239483736
239483371
239481379
239481360
239480857
239480468
239480445
239480354
239480266
239479967
239479693
239478574
239478426
239478122
239478022
239477799
239476333
239475731
239475298
239474997
239474349
239473414
239472416
239472252
239471954
239471859
239471832
239471386
239470389
239470045
239469137
239468864
239468188
239467003
239466628
239466504
239466429
239466370
239465991
239465973
239465736
239465059
239464207
239463739
239463073
239462829
239461157
239460899
239460504
239458938
239458512
239458428
239457580
239456132
239455922
239455829
239455765
239455676
239455027
239454970
239454517
239452159
