239551961
239550356
239549642
239548646
239548062
239547692
239547613
239547432
239547410
239547056
239546013
239545490
239545285
239545061
239544879
239544808
239544433
239542884
239541775
239541522
239541462
239541194
239540885
239540247
239539661
239539500
239539075
239538935
239538435
239538329
239538049
239536267
239535948
239533899
239533803
239533243
239532913
239532780
239532234
239531823
239531681
239531578
239530406
239530344
239530331
239529890
239529726
239529452
239528621
239527883
239526256
239525873
239523801
239523760
239523560
239522034
239521762
239520754
239520619
239519654
239518800
239516981
239516530
239516453
239516118
239515415
239514236
239513699
239512791
239511159
239508970
239508590
239508232
239507775
239507556
239507240
239507012
239506510
239506342
239506207
239505963
239505928
239505425
239503971
239503631
239503530
239502897
239502523
239502359
239501756
239501630
239500827
239500588
239500351
239500255
239498878
239498709
239498566
239498549
239498204
