239452004
239451758
239450336
239450309
239450006
239449225
239448777
239448722
239448658
239447606
239446980
239446669
239446643
239446505
239446473
239444351
239443979
239443970
239443273
239442793
239442254
239442077
239441965
239441614
239441511
239441501
239441368
239441006
239440511
239440470
239440448
239440047
239439899
239438721
239438540
239438466
239438374
239438190
239438073
239437848
239436406
239436198
239435342
239435208
239435066
239435001
239434937
239434758
239434725
239434317
239433987
239433796
239433591
239433578
239433424
239433335
239433134
239432252
239432148
239431863
239430860
239430612
239430061
239429690
239429620
239429563
239429410
239429206
239427918
239427622
239427509
239427298
239427252
239427182
239427023
239426868
239426746
239426699
239426681
239426386
239426329
239426167
239426022
239425998
239425788
239425748
239425739
239425614
239425294
239425218
239424615
239424481
239424333
239424145
239424093
239423899
239423855
239423631
239423486
239423363
