239644973
239644896
239643948
239643419
239641981
239640820
239640777
239640116
239639740
239637283
239636763
239635564
239634966
239633927
239632688
239632343
239631476
239630481
239629865
239626544
239626194
239625682
239625336
239625175
239624572
239624373
239624084
239623855
239623796
239623533
239623052
239622803
239622702
239621914
239621869
239621863
239621462
239620988
239620803
239620614
239619490
239618883
239618392
239618316
239617984
239617109
239616962
239615924
239615602
239615207
239614741
239614470
239614157
239613522
239613438
239613148
239612809
239612364
239612297
239612252
239612248
239612222
239612210
239612099
239610860
239610855
239609525
239609056
239608860
239608285
239607910
239607892
239607768
239607449
239607033
239606602
239606155
239606113
239605784
239605537
239605507
239605410
239604585
239604093
239604072
239603719
239603473
239602678
239602111
239601978
239601508
239601502
239601297
239601166
239600865
239600717
239600448
239599929
239598397
239598394
