239598193
239597881
239597722
239597533
239597493
239597320
239596288
239596066
239595965
239595699
239595477
239595445
239595241
239594271
239594213
239593807
239593588
239592175
239591997
239591922
239591908
239591698
239591536
239591517
239590901
239589864
239589463
239589449
239589361
239589135
239588943
239588857
239588722
239588428
239588383
239588221
239588114
239586965
239586822
239586759
239584536
239583593
239583519
239582966
239582832
239582444
239581693
239578955
239578838
239578017
239576069
239575327
239573760
239572919
239572341
239572119
239571976
239571585
239568850
239568340
239567458
239567320
239565584
239565413
239565142
239564921
239564618
239564233
239564213
239564097
239564029
239563688
239562498
239560845
239560572
239560527
239560482
239559989
239559863
239558900
239557653
239557630
239557160
239556744
239556656
239556605
239556536
239556397
239555962
239555921
239555879
239555323
239555302
239555204
239554511
239554220
239554007
239553374
239553364
239552606
